[duongdi_1]
1,-1574.80,82.17,3.54
2,-1574.80,82.17,3.54
3,-1574.80,82.17,3.54
4,-1574.81,82.16,3.54
5,-1574.89,81.98,3.55
6,-1576.00,80.54,3.55
7,-1579.14,78.46,3.55
8,-1583.79,75.59,3.55
9,-1588.13,72.80,3.55
10,-1592.55,69.51,3.55
11,-1596.91,66.21,3.55
12,-1601.61,62.68,3.55
13,-1605.62,59.69,3.55
14,-1610.66,55.91,3.55
15,-1615.01,52.63,3.55
16,-1619.55,49.31,3.55
17,-1624.21,45.94,3.55
18,-1629.11,42.68,3.55
19,-1634.09,39.62,3.55
20,-1639.15,36.70,3.55
21,-1644.61,34.52,3.54
22,-1649.99,32.96,3.55
23,-1655.36,31.68,3.55
24,-1660.67,30.55,3.54
25,-1666.69,30.26,3.54
26,-1672.28,31.77,3.54
27,-1677.28,34.22,3.55
28,-1682.66,36.83,3.55
29,-1688.62,38.70,3.55
30,-1694.51,39.14,3.54
31,-1700.34,38.71,3.55
32,-1705.60,37.81,3.54
33,-1710.87,36.11,3.55
34,-1716.04,34.31,3.55
35,-1721.61,32.40,3.55
36,-1726.60,30.75,3.55
37,-1731.48,29.38,3.54
38,-1737.06,29.09,3.54
39,-1742.63,29.48,3.54
40,-1747.07,32.40,3.54
41,-1749.34,37.73,3.54
42,-1748.72,43.63,3.55
43,-1747.79,48.64,3.55
44,-1747.04,53.69,3.55
45,-1747.11,59.26,3.55
46,-1747.39,65.41,3.55
47,-1747.63,70.87,3.55
48,-1747.83,76.01,3.55
49,-1748.04,81.21,3.55
50,-1748.28,86.95,3.55
51,-1748.52,92.78,3.55
52,-1748.81,98.76,3.55
53,-1749.59,104.83,3.55
54,-1750.45,110.68,3.55
55,-1751.38,117.04,3.55
56,-1752.46,123.02,3.55
57,-1753.59,127.93,3.55
58,-1755.11,134.06,3.55
59,-1756.57,139.05,3.55
60,-1758.05,143.98,3.69
61,-1759.54,148.78,4.17
62,-1761.48,154.43,4.80
63,-1763.51,160.00,5.46
64,-1765.48,164.91,6.05
65,-1768.82,170.10,6.70
66,-1772.85,173.35,7.40
67,-1777.61,175.12,8.49
68,-1783.10,176.16,9.94
69,-1788.17,177.01,11.62
70,-1793.53,178.95,13.26
71,-1798.23,182.10,14.47
72,-1801.56,186.26,14.96
73,-1804.02,191.34,15.02
74,-1806.04,196.29,15.04
75,-1807.91,201.32,14.96
76,-1808.83,207.07,14.95
77,-1808.74,212.94,14.95
78,-1808.58,219.11,14.95
79,-1808.04,224.16,14.95
80,-1807.25,229.25,14.95
81,-1806.38,234.53,14.95
82,-1804.93,239.75,14.95
83,-1802.77,244.34,14.95
84,-1799.87,249.54,14.84
85,-1796.92,254.48,14.43
86,-1793.36,259.18,13.96
87,-1789.39,263.86,13.31
88,-1785.54,268.33,12.63
89,-1781.30,273.29,11.71
90,-1778.03,277.14,10.96
91,-1774.46,281.35,10.10
92,-1770.10,286.46,8.91
93,-1766.63,290.53,8.07
94,-1763.03,294.75,7.58
95,-1759.36,299.56,7.15
96,-1756.30,304.89,6.96
97,-1754.35,310.12,7.00
98,-1753.03,316.99,7.02
99,-1752.92,322.81,7.02
100,-1753.78,327.95,7.14
101,-1755.81,332.93,7.67
102,-1759.50,338.15,8.60
103,-1764.27,342.39,9.76
104,-1769.43,345.05,11.19
105,-1774.29,346.80,12.72
106,-1778.98,348.39,14.17
107,-1783.70,350.30,15.46
108,-1788.67,353.15,16.49
109,-1793.24,356.16,16.85
110,-1797.98,359.67,17.06
111,-1802.46,363.92,17.02
112,-1806.28,367.72,17.01
113,-1810.47,371.89,17.01
114,-1815.06,376.40,17.01
115,-1818.75,380.02,17.01
116,-1822.59,384.09,17.02
117,-1825.68,388.41,17.04
118,-1828.66,393.39,17.05
119,-1831.51,398.61,17.02
120,-1833.51,403.80,17.01
121,-1835.04,409.69,17.07
122,-1836.28,415.77,17.15
123,-1836.83,422.11,17.16
124,-1836.48,427.90,17.16
125,-1835.20,434.02,17.23
126,-1833.17,439.98,17.51
127,-1830.87,445.36,17.91
128,-1828.42,451.08,18.47
129,-1825.96,456.92,19.11
130,-1824.06,461.48,19.93
131,-1821.68,467.11,21.06
132,-1819.58,472.63,22.37
133,-1818.35,478.23,23.65
134,-1818.29,483.69,24.90
135,-1819.51,489.81,26.22
136,-1821.04,495.02,27.26
137,-1823.60,500.29,28.36
138,-1826.53,504.73,29.48
139,-1830.02,509.30,30.68
140,-1833.64,512.84,31.66
141,-1837.39,516.36,32.50
142,-1841.16,519.63,32.96
143,-1846.03,523.30,33.46
144,-1851.03,527.05,33.80
145,-1855.64,530.53,34.04
146,-1859.99,533.90,34.16
147,-1863.92,537.43,34.17
148,-1868.47,541.61,34.21
149,-1872.29,545.12,34.27
150,-1876.45,548.93,34.34
151,-1880.72,552.84,34.39
152,-1885.08,556.83,34.44
153,-1889.53,560.84,34.65
154,-1894.77,564.58,34.92
155,-1900.29,567.23,34.96
156,-1906.58,568.54,35.03
157,-1912.36,568.53,35.12
158,-1918.51,568.14,35.21
159,-1924.36,567.88,35.26
160,-1929.48,567.94,35.26
161,-1934.67,568.06,35.26
162,-1939.78,568.18,35.26
163,-1946.08,568.31,35.26
164,-1951.43,568.40,35.26
165,-1956.84,568.50,35.26
166,-1962.31,568.53,35.27
167,-1967.80,568.48,35.27
168,-1972.85,568.41,35.29
169,-1978.52,568.35,35.22
170,-1984.09,568.28,35.17
171,-1989.23,568.22,35.16
172,-1994.88,568.15,35.15
173,-2000.57,568.08,35.09
174,-2005.76,568.02,35.01
175,-2011.32,567.96,35.01
176,-2016.90,567.89,35.01
177,-2022.49,567.82,35.01
178,-2028.04,567.76,35.01
179,-2033.72,567.69,35.01
180,-2039.43,567.62,35.01
181,-2044.92,567.55,35.01
182,-2050.47,567.49,35.01
183,-2055.58,567.43,35.01
184,-2061.62,567.35,35.01
185,-2067.15,567.29,35.01
186,-2072.77,567.39,35.01
187,-2078.80,567.58,35.01
188,-2084.40,567.77,35.01
189,-2089.93,567.95,35.01
190,-2095.53,568.13,35.01
191,-2101.09,568.31,35.01
192,-2106.67,568.32,35.01
193,-2112.72,568.25,35.01
194,-2118.32,568.17,35.01
195,-2123.41,568.10,35.01
196,-2129.43,568.03,35.01
197,-2135.00,568.02,35.01
198,-2140.67,568.07,35.01
199,-2146.18,568.11,35.01
200,-2151.78,568.16,35.01
201,-2157.62,568.21,35.01
202,-2162.91,568.25,35.01
203,-2168.53,568.30,35.01
204,-2174.11,568.34,35.01
205,-2179.65,568.39,35.01
206,-2185.22,568.43,35.01
207,-2190.31,568.47,35.01
208,-2195.91,568.52,35.01
209,-2201.51,568.57,35.01
210,-2207.03,568.61,35.01
211,-2212.64,568.66,35.01
212,-2218.21,568.70,35.01
213,-2223.29,568.74,35.01
214,-2228.87,568.79,35.01
215,-2234.39,568.82,35.01
216,-2239.52,568.66,35.01
217,-2245.04,568.44,35.01
218,-2250.61,568.19,35.01
219,-2256.17,567.95,35.01
220,-2261.76,567.71,35.01
221,-2267.31,567.48,35.01
222,-2272.84,567.25,35.01
223,-2278.46,567.14,35.01
224,-2283.99,567.09,35.01
225,-2289.50,567.06,35.01
226,-2295.03,567.02,35.01
227,-2300.31,566.98,34.76
228,-2305.60,566.95,33.82
229,-2312.06,566.90,32.52
230,-2317.11,566.86,31.61
231,-2323.39,566.81,30.48
232,-2329.93,566.76,29.30
233,-2336.43,566.72,28.12
234,-2341.45,566.68,27.22
235,-2346.48,566.64,26.31
236,-2351.56,566.60,25.39
237,-2356.62,566.57,24.73
238,-2361.68,566.60,24.67
239,-2367.16,567.09,24.73
240,-2373.50,568.76,24.73
241,-2379.39,571.91,24.73
242,-2383.75,575.96,24.73
243,-2386.73,580.71,24.93
244,-2387.94,585.75,25.77
245,-2387.74,590.89,26.74
246,-2387.20,595.89,27.64
247,-2386.59,602.05,28.75
248,-2386.05,608.03,29.83
249,-2385.47,614.07,30.93
250,-2384.88,620.18,32.03
251,-2384.40,625.16,32.93
252,-2383.92,630.18,33.84
253,-2383.44,635.27,34.72
254,-2382.91,640.90,35.08
255,-2382.43,646.09,35.01
256,-2381.96,651.09,35.01
257,-2381.32,656.96,35.01
258,-2379.74,661.99,35.00
259,-2376.66,666.22,35.00
260,-2372.39,669.01,35.00
261,-2367.45,670.00,35.01
262,-2362.09,670.13,35.01
263,-2356.31,670.30,35.14
264,-2350.47,670.52,36.05
265,-2344.53,670.74,37.36
266,-2338.59,670.93,38.62
267,-2332.57,671.06,39.80
268,-2326.77,671.13,40.91
269,-2321.21,671.20,41.98
270,-2316.24,671.26,42.90
271,-2310.21,671.33,43.99
272,-2304.11,671.40,45.09
273,-2298.89,671.47,46.03
274,-2293.81,671.47,46.95
275,-2288.20,670.68,47.96
276,-2282.78,669.54,48.91
277,-2277.40,668.01,49.33
278,-2271.55,665.44,49.29
279,-2266.84,661.60,49.28
280,-2263.59,656.54,49.29
281,-2262.19,650.82,49.29
282,-2262.29,644.57,49.29
283,-2262.57,639.39,49.26
284,-2262.84,633.95,48.62
285,-2263.08,628.42,47.13
286,-2263.34,622.09,45.56
287,-2263.63,615.70,43.98
288,-2263.83,610.71,42.75
289,-2263.71,605.47,41.45
290,-2263.10,600.01,40.10
291,-2262.31,594.38,38.71
292,-2261.16,588.57,37.27
293,-2259.36,582.76,35.83
294,-2257.07,577.61,35.00
295,-2253.78,572.44,34.95
296,-2249.83,567.97,35.00
297,-2245.41,564.33,35.00
298,-2240.60,561.51,35.00
299,-2235.54,559.58,35.00
300,-2230.42,558.54,35.00
301,-2225.33,558.39,35.00
302,-2220.23,559.14,35.00
303,-2214.25,560.73,35.01
304,-2207.94,562.58,35.01
305,-2201.47,563.95,35.01
306,-2194.84,564.62,35.01
307,-2189.83,565.03,35.01
308,-2184.75,565.32,35.01
309,-2179.59,565.16,35.01
310,-2174.57,564.88,35.01
311,-2169.42,564.57,35.01
312,-2164.25,564.26,35.01
313,-2158.98,563.95,35.01
314,-2153.85,563.66,35.01
315,-2148.62,563.36,35.01
316,-2143.41,563.24,35.01
317,-2138.23,563.63,35.01
318,-2133.03,564.22,35.01
319,-2127.83,564.86,35.01
320,-2122.62,565.49,35.01
321,-2116.07,566.25,35.01
322,-2110.85,566.86,35.01
323,-2105.64,567.47,35.01
324,-2100.39,568.00,35.01
325,-2095.10,568.37,35.01
326,-2088.50,568.79,35.01
327,-2083.21,569.04,35.01
328,-2077.92,568.77,35.01
329,-2072.72,567.81,35.01
330,-2067.59,566.51,35.01
331,-2062.49,565.15,35.01
332,-2057.40,563.84,35.01
333,-2052.18,562.90,35.01
334,-2046.94,562.62,35.01
335,-2041.76,563.01,35.00
336,-2036.54,563.67,35.01
337,-2029.66,564.59,35.01
338,-2024.50,565.49,35.01
339,-2019.49,566.96,35.01
340,-2013.70,569.75,35.00
341,-2009.53,572.63,35.00
342,-2005.40,575.81,35.01
343,-2000.25,579.46,35.01
344,-1995.75,581.79,35.03
345,-1989.31,583.40,35.19
346,-1984.29,583.46,35.25
347,-1977.82,582.40,35.27
348,-1971.30,581.02,35.28
349,-1966.33,579.97,35.19
350,-1961.35,578.98,35.16
351,-1956.30,578.18,35.16
352,-1951.12,577.62,35.16
353,-1945.49,577.05,35.16
354,-1940.20,576.51,35.16
355,-1934.90,575.95,35.16
356,-1929.55,575.03,35.16
357,-1924.26,573.89,35.17
358,-1918.85,572.69,35.20
359,-1913.91,571.59,35.16
360,-1908.40,570.37,35.08
361,-1902.94,568.92,35.06
362,-1897.98,567.18,35.02
363,-1892.78,564.91,34.93
364,-1887.82,562.11,34.72
365,-1883.43,559.25,34.47
366,-1878.63,556.06,34.38
367,-1873.88,552.69,34.34
368,-1869.13,549.17,34.28
369,-1864.34,545.59,34.21
370,-1859.96,542.30,34.16
371,-1855.09,538.69,34.14
372,-1850.06,535.27,34.01
373,-1844.95,531.90,33.72
374,-1839.95,528.48,33.36
375,-1835.30,524.73,32.83
376,-1831.12,520.54,32.25
377,-1827.23,516.11,31.22
378,-1823.69,511.41,30.12
379,-1820.78,506.44,29.01
380,-1818.63,501.56,28.06
381,-1817.00,495.83,27.14
382,-1816.18,489.99,26.16
383,-1816.07,484.12,25.06
384,-1816.55,478.26,23.75
385,-1817.74,472.41,22.43
386,-1819.76,466.69,21.11
387,-1822.58,461.32,20.01
388,-1826.04,456.41,19.04
389,-1829.79,451.59,18.40
390,-1833.65,446.69,17.87
391,-1837.23,442.09,17.43
392,-1840.99,436.99,17.06
393,-1844.06,431.60,16.95
394,-1846.16,425.87,16.99
395,-1847.26,420.04,16.99
396,-1847.40,414.22,16.99
397,-1846.63,408.59,17.00
398,-1844.97,403.25,17.00
399,-1841.71,397.07,17.00
400,-1838.35,392.86,17.00
401,-1834.37,389.22,17.00
402,-1828.98,385.05,17.01
403,-1824.63,381.77,17.01
404,-1820.24,378.43,17.01
405,-1815.82,375.03,17.01
406,-1811.46,371.40,17.01
407,-1807.17,367.74,17.01
408,-1802.79,363.99,17.01
409,-1798.62,360.29,17.02
410,-1794.72,356.35,16.96
411,-1790.97,352.43,16.58
412,-1787.56,348.81,15.93
413,-1784.21,345.23,14.70
414,-1780.59,341.42,12.89
415,-1776.82,337.61,11.02
416,-1773.12,333.89,9.66
417,-1768.87,329.61,8.47
418,-1764.50,325.21,7.61
419,-1760.44,320.99,7.04
420,-1756.59,316.55,6.94
421,-1752.78,311.94,7.01
422,-1749.00,307.35,7.02
423,-1745.05,302.55,7.02
424,-1741.50,298.09,7.05
425,-1738.62,293.45,7.15
426,-1736.59,288.45,7.17
427,-1735.35,282.03,7.17
428,-1735.40,276.92,7.17
429,-1736.66,270.91,7.18
430,-1739.32,265.01,7.16
431,-1742.49,259.29,7.02
432,-1744.96,254.88,6.90
433,-1747.45,250.38,6.78
434,-1750.62,244.64,6.62
435,-1752.94,239.96,6.50
436,-1755.18,233.85,6.34
437,-1757.13,227.49,6.18
438,-1758.39,221.08,5.72
439,-1759.36,214.75,4.33
440,-1759.59,208.74,3.53
441,-1759.05,202.91,3.58
442,-1757.96,197.30,3.58
443,-1756.83,191.93,3.57
444,-1755.66,186.45,3.60
445,-1754.65,180.81,3.57
446,-1754.25,174.64,3.54
447,-1754.16,168.31,3.55
448,-1754.55,162.67,3.55
449,-1754.63,156.66,3.55
450,-1754.46,150.63,3.55
451,-1753.93,144.14,3.55
452,-1753.34,137.95,3.55
453,-1752.85,132.85,3.55
454,-1752.67,126.42,3.55
455,-1752.72,121.14,3.55
456,-1752.80,114.98,3.55
457,-1752.86,109.69,3.55
458,-1752.91,102.92,3.55
459,-1752.88,97.47,3.55
460,-1752.53,91.03,3.55
461,-1752.18,85.51,3.55
462,-1751.82,79.88,3.55
463,-1751.49,74.22,3.55
464,-1751.46,68.55,3.55
465,-1751.55,63.39,3.55
466,-1751.65,58.21,3.55
467,-1751.76,53.13,3.54
468,-1751.86,47.68,3.54
469,-1751.94,42.65,3.55
470,-1752.04,37.09,3.55
471,-1752.13,31.59,3.55
472,-1752.23,26.18,3.55
473,-1752.35,19.86,3.54
474,-1752.45,14.02,3.54
475,-1752.56,7.98,3.54
476,-1752.64,2.20,3.54
477,-1752.66,-4.04,3.54
478,-1752.14,-9.47,3.54
479,-1751.24,-14.46,3.54
480,-1750.20,-20.23,3.55
481,-1748.75,-25.47,3.55
482,-1745.53,-30.02,3.54
483,-1740.50,-32.40,3.54
484,-1734.87,-31.86,3.55
485,-1729.35,-30.64,3.55
486,-1724.36,-29.61,3.55
487,-1718.73,-28.40,3.55
488,-1713.26,-26.42,3.55
489,-1708.51,-24.40,3.55
490,-1703.49,-21.71,3.55
491,-1699.03,-19.06,3.55
492,-1694.74,-16.12,3.57
493,-1690.68,-12.55,3.56
494,-1686.88,-9.10,3.55
495,-1682.74,-5.35,3.55
496,-1678.02,-1.39,3.55
497,-1673.04,2.44,3.55
498,-1668.22,6.12,3.55
499,-1663.59,10.09,3.55
500,-1658.70,14.57,3.55
501,-1654.95,18.03,3.55
502,-1650.09,22.50,3.55
503,-1645.31,26.87,3.55
504,-1641.40,30.45,3.55
505,-1636.78,34.69,3.55
506,-1631.98,39.47,3.55
507,-1628.20,43.45,3.55
508,-1624.69,47.17,3.55
509,-1620.87,51.23,3.55
510,-1617.07,55.25,3.55
511,-1612.35,59.97,3.55
512,-1608.22,63.98,3.55
513,-1604.05,68.03,3.55
514,-1599.89,72.07,3.55
515,-1595.67,76.17,3.55
516,-1591.79,79.95,3.55
517,-1587.50,84.12,3.55
518,-1583.56,87.95,3.55
519,-1579.56,91.84,3.55
520,-1575.22,96.06,3.55
521,-1570.79,100.36,3.55
522,-1566.74,104.30,3.55
523,-1562.63,108.30,3.55
524,-1558.33,112.48,3.55
525,-1554.21,116.49,3.55
[duongdi_2]
1,-1575.29,82.29,3.54
2,-1575.29,82.29,3.54
3,-1575.29,82.29,3.54
4,-1575.29,82.29,3.54
5,-1575.29,82.29,3.54
6,-1575.29,82.29,3.54
7,-1575.29,82.29,3.54
8,-1575.29,82.29,3.54
9,-1575.29,82.29,3.54
10,-1575.29,82.29,3.54
11,-1575.29,82.29,3.54
12,-1575.29,82.29,3.54
13,-1575.29,82.29,3.54
14,-1575.29,82.29,3.54
15,-1575.29,82.29,3.54
16,-1575.29,82.29,3.54
17,-1575.29,82.29,3.54
18,-1575.29,82.29,3.54
19,-1575.29,82.29,3.54
20,-1575.29,82.29,3.54
21,-1576.13,81.47,3.55
22,-1578.64,79.43,3.55
23,-1582.59,75.91,3.55
24,-1586.47,72.46,3.55
25,-1590.71,68.67,3.55
26,-1594.52,65.29,3.55
27,-1598.63,61.62,3.55
28,-1603.28,57.47,3.55
29,-1607.71,53.53,3.55
30,-1611.74,49.94,3.55
31,-1615.93,46.20,3.55
32,-1619.94,42.62,3.55
33,-1624.05,38.94,3.57
34,-1628.62,35.01,3.55
35,-1633.65,31.40,3.55
36,-1639.02,27.75,3.55
37,-1644.30,24.55,3.55
38,-1649.57,21.40,3.55
39,-1653.87,18.74,3.55
40,-1658.92,15.06,3.55
41,-1664.10,11.12,3.55
42,-1668.02,7.88,3.55
43,-1672.69,3.61,3.55
44,-1677.62,-0.96,3.55
45,-1682.84,-5.21,3.55
46,-1687.36,-8.28,3.55
47,-1691.97,-11.29,3.55
48,-1696.71,-14.23,3.55
49,-1701.06,-16.83,3.55
50,-1705.72,-19.63,3.54
51,-1710.15,-22.43,3.54
52,-1714.54,-25.27,3.55
53,-1718.91,-28.10,3.55
54,-1723.21,-30.92,3.55
55,-1728.40,-34.31,3.55
56,-1733.61,-37.85,3.55
57,-1737.63,-41.48,3.54
58,-1740.85,-45.82,3.54
59,-1743.02,-50.89,3.54
60,-1743.95,-56.38,3.54
61,-1744.26,-61.63,3.55
62,-1744.57,-67.67,3.54
63,-1744.88,-73.09,3.55
64,-1745.21,-78.60,3.55
65,-1745.51,-83.84,3.55
66,-1745.80,-89.16,3.55
67,-1746.11,-94.67,3.55
68,-1746.40,-99.77,3.54
69,-1747.01,-105.42,3.54
70,-1748.70,-110.69,3.54
71,-1751.64,-115.18,3.54
72,-1755.82,-118.46,3.55
73,-1761.29,-119.94,3.57
74,-1766.39,-118.75,3.59
75,-1769.87,-114.93,3.60
76,-1770.50,-109.56,3.64
77,-1770.40,-104.19,3.95
78,-1770.02,-98.77,4.50
79,-1769.02,-93.68,4.98
80,-1767.93,-88.62,5.38
81,-1766.86,-83.46,5.94
82,-1766.13,-78.13,6.60
83,-1765.76,-72.67,7.35
84,-1765.36,-67.34,8.08
85,-1765.42,-61.87,8.69
86,-1765.59,-55.85,9.29
87,-1765.71,-49.97,9.89
88,-1765.41,-44.71,10.42
89,-1765.06,-39.49,10.98
90,-1764.71,-34.49,11.15
91,-1764.70,-29.23,11.03
92,-1764.91,-23.14,10.69
93,-1765.11,-18.00,10.22
94,-1765.15,-12.98,9.86
95,-1765.04,-7.05,9.44
96,-1764.93,-1.61,9.17
97,-1764.81,4.23,8.93
98,-1764.71,9.47,8.70
99,-1764.59,15.73,8.42
100,-1764.48,21.76,8.16
101,-1764.37,27.49,7.91
102,-1764.26,33.03,7.67
103,-1764.16,38.44,7.43
104,-1764.05,43.93,7.19
105,-1763.94,49.52,6.95
106,-1763.83,55.18,6.70
107,-1763.72,60.96,6.45
108,-1763.61,66.76,6.20
109,-1763.51,72.03,5.96
110,-1763.40,77.73,5.71
111,-1763.30,83.01,5.48
112,-1763.17,89.60,5.19
113,-1763.05,95.87,4.92
114,-1762.54,102.33,4.64
115,-1761.62,108.15,4.39
116,-1760.64,113.96,4.15
117,-1759.58,120.09,3.98
118,-1758.11,124.90,3.85
119,-1755.88,130.73,3.61
120,-1754.16,135.96,3.53
121,-1753.93,141.12,3.54
122,-1754.75,146.90,3.69
123,-1754.67,151.93,3.66
124,-1754.57,157.25,3.54
125,-1754.54,162.57,3.55
126,-1754.61,168.66,3.55
127,-1754.63,173.74,3.55
128,-1754.77,179.01,3.55
129,-1755.38,184.38,3.58
130,-1756.50,189.71,3.59
131,-1757.78,195.23,3.57
132,-1759.03,200.85,3.59
133,-1759.54,206.51,3.60
134,-1759.64,211.88,3.82
135,-1759.36,217.77,4.90
136,-1758.49,222.84,5.79
137,-1757.33,228.13,6.35
138,-1755.99,233.14,6.34
139,-1754.10,237.96,6.44
140,-1752.11,242.85,6.57
141,-1750.11,247.84,6.70
142,-1748.09,252.94,6.83
143,-1745.87,258.49,6.96
144,-1743.89,263.42,7.09
145,-1741.70,268.90,7.19
146,-1739.67,274.93,7.18
147,-1738.66,280.74,7.18
148,-1738.22,286.74,7.18
149,-1738.52,293.06,7.18
150,-1739.59,298.11,7.18
151,-1741.77,303.73,7.11
152,-1744.25,308.40,7.02
153,-1747.99,313.81,7.02
154,-1751.55,318.52,7.02
155,-1755.16,322.94,7.02
156,-1759.84,327.46,7.40
157,-1764.60,331.67,8.25
158,-1768.32,334.93,9.10
159,-1772.67,338.75,10.44
160,-1777.11,342.66,12.22
161,-1781.12,346.19,14.07
162,-1785.08,349.68,15.59
163,-1789.25,353.37,16.59
164,-1793.18,356.86,16.90
165,-1797.30,360.55,17.07
166,-1801.16,364.12,17.03
167,-1804.86,368.14,17.02
168,-1808.78,372.52,17.01
169,-1813.00,377.25,17.01
170,-1817.12,381.52,17.01
171,-1821.55,385.47,17.03
172,-1826.16,389.48,17.05
173,-1831.09,393.79,17.01
174,-1835.76,397.94,17.01
175,-1839.51,401.44,17.01
176,-1842.93,405.31,17.01
177,-1845.72,409.53,17.00
178,-1848.23,415.50,17.00
179,-1849.27,421.64,17.00
180,-1848.79,427.64,17.00
181,-1846.89,433.04,17.00
182,-1843.77,437.69,17.01
183,-1840.26,441.98,17.31
184,-1836.82,446.11,17.68
185,-1833.40,450.68,18.18
186,-1830.82,455.40,18.70
187,-1828.27,460.46,19.41
188,-1825.92,465.43,20.48
189,-1824.12,470.49,21.56
190,-1822.47,475.45,22.80
191,-1820.87,480.24,23.98
192,-1819.47,484.91,25.16
193,-1818.73,490.68,26.37
194,-1819.36,496.01,27.33
195,-1821.83,501.01,28.30
196,-1825.16,505.49,29.43
197,-1828.89,509.28,30.52
198,-1832.87,512.94,31.57
199,-1836.95,516.71,32.47
200,-1841.15,519.90,32.96
201,-1845.71,523.02,33.43
202,-1849.83,525.87,33.73
203,-1854.66,529.24,33.97
204,-1859.54,532.63,34.15
205,-1863.68,535.76,34.17
206,-1867.68,539.78,34.19
207,-1871.20,543.55,34.25
208,-1874.51,547.51,34.31
209,-1878.15,552.54,34.37
210,-1881.13,556.70,34.42
211,-1884.83,561.84,34.58
212,-1887.87,566.64,34.90
213,-1890.10,571.51,34.95
214,-1891.84,577.35,34.86
215,-1893.23,583.00,34.88
216,-1894.21,588.04,34.94
217,-1894.64,594.43,35.00
218,-1894.80,600.13,35.01
219,-1894.94,605.61,35.01
220,-1895.12,611.96,35.01
221,-1895.29,617.13,35.01
222,-1895.78,623.55,35.01
223,-1896.35,629.77,35.01
224,-1896.91,636.03,35.03
225,-1896.99,642.60,35.87
226,-1896.88,648.58,37.03
227,-1896.75,654.87,38.18
228,-1896.66,659.83,39.07
229,-1896.56,665.88,40.17
230,-1896.46,671.76,41.23
231,-1896.36,677.53,42.27
232,-1896.26,683.29,43.31
233,-1896.16,688.75,44.30
234,-1896.06,694.70,45.26
235,-1895.95,700.93,45.38
236,-1895.85,707.13,45.28
237,-1895.75,713.21,45.29
238,-1895.65,719.14,45.29
239,-1895.57,724.36,45.29
240,-1895.58,729.43,45.29
241,-1895.60,736.20,45.29
242,-1895.63,741.45,45.29
243,-1895.65,746.79,45.29
244,-1895.67,752.18,45.29
245,-1895.69,757.71,45.29
246,-1895.72,763.86,44.97
247,-1895.74,769.51,44.03
248,-1895.76,775.68,42.42
249,-1895.79,782.02,41.30
250,-1895.82,788.13,40.22
251,-1895.85,794.88,39.00
252,-1895.87,801.72,37.76
253,-1895.90,808.10,36.61
254,-1895.93,815.45,35.29
255,-1895.96,821.37,34.87
256,-1895.87,827.65,34.97
257,-1895.60,834.24,35.00
258,-1895.31,840.23,35.01
259,-1894.95,845.85,35.01
260,-1894.28,851.62,35.01
261,-1893.55,857.05,35.01
262,-1892.80,862.60,35.00
263,-1891.98,868.86,35.05
264,-1891.33,874.19,35.07
265,-1890.80,879.27,35.11
266,-1891.58,884.87,35.12
267,-1893.62,890.08,35.04
268,-1895.15,895.11,35.01
269,-1895.51,900.95,35.01
270,-1894.34,905.94,35.00
271,-1891.58,911.17,35.01
272,-1888.41,915.48,35.01
273,-1883.75,919.55,35.01
274,-1879.02,922.01,35.00
275,-1873.74,923.32,35.00
276,-1868.53,923.35,35.00
277,-1863.22,922.80,35.01
278,-1857.57,922.16,35.01
279,-1851.58,921.62,34.90
280,-1845.79,921.25,34.06
281,-1840.04,920.89,32.15
282,-1835.53,920.62,30.03
283,-1830.63,920.64,28.36
284,-1825.05,920.72,26.69
285,-1819.66,920.61,25.14
286,-1814.15,919.70,24.61
287,-1808.83,917.81,24.71
288,-1804.01,915.07,24.74
289,-1799.21,911.04,24.73
290,-1795.16,905.89,24.73
291,-1792.51,900.46,24.73
292,-1791.09,895.50,24.73
293,-1790.46,890.29,24.73
294,-1790.49,884.27,24.73
295,-1790.71,877.65,24.73
296,-1790.87,871.59,24.73
297,-1790.93,865.50,24.73
298,-1789.93,859.54,24.73
299,-1787.44,854.62,24.72
300,-1783.66,850.93,24.72
301,-1778.60,848.37,24.72
302,-1773.62,846.62,24.73
303,-1768.59,845.04,24.73
304,-1763.42,843.46,24.73
305,-1758.49,842.43,24.73
306,-1752.53,841.44,24.73
307,-1746.33,840.44,24.73
308,-1741.12,839.59,24.73
309,-1735.70,838.69,24.73
310,-1730.60,837.77,24.73
311,-1725.72,836.43,24.72
312,-1719.88,833.68,24.72
313,-1714.99,829.84,24.72
314,-1711.40,825.15,24.72
315,-1709.23,819.87,24.72
316,-1708.54,814.42,24.72
317,-1709.16,808.89,24.72
318,-1710.15,803.28,24.73
319,-1711.00,797.85,24.73
320,-1711.31,791.86,24.73
321,-1711.48,785.77,24.73
322,-1711.64,780.28,24.73
323,-1711.84,774.32,24.73
324,-1712.03,768.65,24.73
325,-1712.25,761.96,24.73
326,-1712.41,756.87,24.73
327,-1712.62,750.43,24.73
328,-1712.78,745.25,24.73
329,-1712.79,739.91,24.73
330,-1712.68,734.62,24.73
331,-1712.54,729.24,24.73
332,-1712.40,723.78,24.73
333,-1712.27,718.30,24.73
334,-1712.14,712.75,24.73
335,-1712.01,707.16,24.73
336,-1711.87,701.51,24.73
337,-1711.74,695.87,24.73
338,-1711.71,690.15,24.73
339,-1711.77,684.38,24.73
340,-1711.83,678.51,24.73
341,-1711.93,672.74,24.73
342,-1712.37,666.83,24.73
343,-1713.03,660.41,24.73
344,-1713.69,654.46,24.73
345,-1714.53,648.50,24.73
346,-1715.95,642.71,24.72
347,-1718.06,637.31,24.72
348,-1720.57,632.23,24.72
349,-1723.17,627.38,24.72
350,-1726.11,622.90,24.73
351,-1729.52,619.03,24.73
352,-1733.43,615.82,24.75
353,-1739.22,612.77,24.73
354,-1744.97,611.30,24.73
355,-1749.97,611.13,25.04
356,-1756.03,611.62,26.14
357,-1762.37,612.17,27.31
358,-1768.23,612.10,28.37
359,-1773.97,611.51,29.40
360,-1779.28,610.93,30.36
361,-1784.85,610.34,31.37
362,-1790.03,609.80,32.31
363,-1796.08,609.17,33.40
364,-1802.10,608.54,34.49
365,-1807.79,607.94,35.08
366,-1813.17,607.63,35.02
367,-1818.35,607.64,35.01
368,-1824.00,607.67,35.01
369,-1829.45,607.69,35.01
370,-1835.00,607.70,35.01
371,-1841.09,607.71,35.01
372,-1846.92,607.54,35.01
373,-1853.27,607.24,35.01
374,-1859.35,606.93,35.01
375,-1865.54,606.63,35.01
376,-1870.54,606.20,35.01
377,-1876.51,605.01,35.01
378,-1882.14,603.44,35.01
379,-1887.87,600.68,35.00
380,-1891.98,597.34,35.00
381,-1895.01,593.28,35.00
382,-1897.11,587.58,34.94
383,-1897.21,582.23,34.88
384,-1895.62,577.23,34.85
385,-1893.61,572.49,34.90
386,-1890.63,567.28,34.94
387,-1886.87,562.55,34.71
388,-1882.74,557.71,34.43
389,-1878.96,554.34,34.38
390,-1873.90,550.42,34.33
391,-1869.27,546.86,34.26
392,-1864.84,543.43,34.20
393,-1859.99,539.66,34.16
394,-1855.33,536.04,34.13
395,-1850.00,531.91,33.90
396,-1845.31,528.28,33.63
397,-1840.60,524.63,33.19
398,-1835.72,520.50,32.62
399,-1831.33,515.89,31.77
400,-1827.45,511.47,30.64
401,-1824.54,507.37,29.66
402,-1821.61,501.76,28.40
403,-1819.84,495.72,27.31
404,-1819.24,490.65,26.40
405,-1819.35,485.52,25.34
406,-1819.98,480.55,24.12
407,-1820.91,475.62,22.92
408,-1822.04,470.24,21.70
409,-1823.60,464.73,20.49
410,-1825.78,459.77,19.56
411,-1828.58,454.59,18.68
412,-1831.48,449.58,18.18
413,-1834.65,444.13,17.66
414,-1837.74,438.75,17.26
415,-1840.72,433.42,16.98
416,-1843.07,427.97,16.97
417,-1844.35,423.02,17.00
418,-1844.71,417.41,17.08
419,-1844.15,411.88,17.09
420,-1842.66,405.48,17.00
421,-1839.89,399.73,17.00
422,-1835.83,394.53,17.01
423,-1831.15,389.78,17.01
424,-1826.57,385.36,17.01
425,-1822.88,381.79,17.01
426,-1819.11,378.13,17.01
427,-1814.70,373.83,17.01
428,-1810.89,370.13,17.01
429,-1806.07,365.46,17.01
430,-1802.18,361.68,17.01
431,-1797.46,357.10,17.01
432,-1792.78,352.56,16.69
433,-1788.42,348.32,15.93
434,-1784.01,344.03,14.34
435,-1779.43,339.62,12.12
436,-1775.58,335.94,10.44
437,-1771.54,332.07,9.13
438,-1767.55,328.24,8.18
439,-1763.20,324.04,7.41
440,-1759.36,320.12,6.98
441,-1755.59,316.15,6.97
442,-1751.56,311.86,7.02
443,-1748.12,307.68,7.02
444,-1745.01,302.89,7.02
445,-1742.29,298.08,7.05
446,-1739.79,293.25,7.15
447,-1737.95,288.33,7.17
448,-1736.81,282.09,7.18
449,-1737.03,275.93,7.17
450,-1738.54,270.22,7.17
451,-1740.70,264.64,7.15
452,-1742.82,259.38,7.02
453,-1744.67,254.71,6.90
454,-1747.10,248.89,6.75
455,-1749.45,244.27,6.62
456,-1752.56,238.46,6.47
457,-1754.98,233.90,6.34
458,-1757.41,227.72,6.19
459,-1758.67,221.77,5.80
460,-1759.59,215.82,4.60
461,-1759.71,209.94,3.64
462,-1758.31,204.07,3.56
463,-1756.47,198.90,3.56
464,-1754.85,192.85,3.54
465,-1754.57,186.93,3.54
466,-1754.65,181.31,3.54
467,-1754.64,176.28,3.55
468,-1754.59,171.06,3.55
469,-1754.55,165.97,3.55
470,-1754.52,160.77,3.55
471,-1754.49,155.04,3.55
472,-1754.45,149.18,3.55
473,-1754.21,143.18,3.55
474,-1753.85,137.41,3.55
475,-1753.46,131.17,3.55
476,-1753.41,124.75,3.55
477,-1753.53,118.61,3.55
478,-1753.63,113.59,3.55
479,-1753.76,107.19,3.55
480,-1753.76,101.70,3.55
481,-1753.50,95.01,3.55
482,-1753.27,89.84,3.55
483,-1753.06,84.83,3.55
484,-1752.83,79.43,3.55
485,-1752.54,72.60,3.55
486,-1752.33,67.52,3.55
487,-1752.12,62.41,3.55
488,-1751.89,56.96,3.55
489,-1751.64,50.96,3.55
490,-1751.41,45.63,3.55
491,-1751.25,39.89,3.55
492,-1751.27,34.06,3.55
493,-1751.32,28.73,3.55
494,-1751.38,22.95,3.55
495,-1751.43,17.82,3.55
496,-1751.49,11.95,3.55
497,-1751.53,6.93,3.54
498,-1751.59,0.84,3.54
499,-1751.64,-4.56,3.54
500,-1751.59,-9.74,3.54
501,-1751.46,-15.56,3.54
502,-1750.91,-20.81,3.54
503,-1748.02,-25.51,3.54
504,-1744.52,-29.08,3.55
505,-1739.57,-31.41,3.55
506,-1734.00,-31.93,3.55
507,-1728.23,-31.99,3.55
508,-1723.01,-31.35,3.55
509,-1717.25,-30.16,3.55
510,-1712.27,-28.31,3.57
511,-1706.66,-25.65,3.55
512,-1702.27,-23.15,3.55
513,-1697.15,-20.19,3.56
514,-1692.72,-17.25,3.56
515,-1688.23,-13.57,3.55
516,-1684.05,-9.42,3.55
517,-1680.48,-5.02,3.55
518,-1676.84,-0.68,3.55
519,-1672.35,3.66,3.55
520,-1667.60,7.95,3.55
521,-1663.05,12.06,3.55
522,-1658.44,16.26,3.55
523,-1653.73,20.55,3.55
524,-1650.07,24.19,3.55
525,-1646.45,27.95,3.55
526,-1642.76,31.82,3.55
527,-1639.11,35.65,3.55
528,-1635.37,39.56,3.55
529,-1631.55,43.39,3.55
530,-1627.58,47.21,3.55
531,-1623.54,51.09,3.55
532,-1619.57,54.90,3.55
533,-1615.49,58.82,3.55
534,-1611.35,62.79,3.55
535,-1607.25,66.74,3.55
536,-1603.01,70.82,3.55
537,-1598.85,74.82,3.55
538,-1594.58,78.91,3.55
539,-1590.68,82.67,3.55
540,-1586.40,86.78,3.55
541,-1582.42,90.61,3.55
542,-1578.03,94.83,3.55
543,-1574.01,98.69,3.55
544,-1569.58,102.95,3.55
545,-1565.12,107.23,3.55
546,-1561.02,111.17,3.55
547,-1556.55,115.46,3.55
[duongdi_3]
1,-1575.79,82.00,3.54
2,-1576.32,81.35,3.55
3,-1578.61,79.37,3.55
4,-1582.48,76.12,3.55
5,-1587.17,72.57,3.55
6,-1591.86,68.99,3.55
7,-1595.93,65.88,3.55
8,-1600.30,62.54,3.56
9,-1605.22,58.79,3.55
10,-1610.22,54.99,3.55
11,-1614.61,51.74,3.55
12,-1619.27,48.87,3.55
13,-1624.02,46.07,3.55
14,-1628.92,42.92,3.55
15,-1633.50,39.08,3.55
16,-1638.10,35.00,3.55
17,-1642.77,30.87,3.54
18,-1647.60,26.67,3.55
19,-1652.74,22.20,3.55
20,-1657.56,17.98,3.55
21,-1661.28,14.57,3.55
22,-1665.11,11.02,3.55
23,-1668.96,7.46,3.55
24,-1673.78,3.00,3.55
25,-1677.75,-0.67,3.55
26,-1682.71,-5.25,3.55
27,-1686.81,-8.87,3.55
28,-1691.00,-12.45,3.56
29,-1695.19,-15.94,3.56
30,-1700.47,-19.85,3.54
31,-1704.64,-22.81,3.54
32,-1710.05,-26.54,3.54
33,-1715.67,-29.42,3.55
34,-1721.09,-30.97,3.56
35,-1727.45,-31.40,3.56
36,-1732.49,-30.46,3.54
37,-1737.32,-28.90,3.54
38,-1738.73,-29.12,3.54
39,-1740.45,-28.52,3.55
40,-1743.07,-26.74,3.54
41,-1744.37,-23.36,3.55
42,-1746.53,-18.38,3.55
43,-1747.30,-12.91,3.55
44,-1747.88,-7.59,3.55
45,-1748.49,-1.92,3.55
46,-1748.62,3.37,3.55
47,-1748.73,8.53,3.55
48,-1748.89,14.80,3.55
49,-1749.02,20.08,3.55
50,-1749.17,26.03,3.55
51,-1749.33,32.40,3.55
52,-1749.48,38.58,3.55
53,-1749.63,44.61,3.55
54,-1749.80,51.28,3.55
55,-1749.96,57.72,3.55
56,-1750.09,62.89,3.55
57,-1750.23,68.48,3.55
58,-1750.43,74.03,3.55
59,-1750.73,79.95,3.55
60,-1751.04,85.61,3.55
61,-1751.35,91.37,3.54
62,-1751.70,97.70,3.54
63,-1751.98,102.98,3.54
64,-1752.26,108.49,3.55
65,-1752.47,113.57,3.55
66,-1752.67,118.91,3.55
67,-1752.86,124.17,3.54
68,-1753.05,129.19,3.54
69,-1753.24,134.41,3.55
70,-1753.43,139.54,3.55
71,-1753.67,145.89,3.54
72,-1753.82,151.87,3.54
73,-1753.91,158.02,3.54
74,-1753.99,163.51,3.55
75,-1754.09,169.51,3.55
76,-1754.19,175.77,3.55
77,-1754.75,182.20,3.54
78,-1756.13,188.13,3.59
79,-1757.82,193.70,3.57
80,-1759.52,199.79,3.60
81,-1760.42,206.35,3.61
82,-1760.79,212.28,3.87
83,-1760.85,218.42,4.94
84,-1760.36,224.73,5.94
85,-1759.53,229.87,6.52
86,-1758.59,235.01,6.48
87,-1757.18,240.18,6.43
88,-1754.90,245.53,6.60
89,-1752.23,251.45,6.75
90,-1750.05,256.37,6.88
91,-1747.63,262.16,7.03
92,-1745.78,267.10,7.15
93,-1743.97,272.05,7.20
94,-1742.18,276.93,7.19
95,-1740.22,282.25,7.18
96,-1738.34,287.06,7.18
97,-1736.21,291.70,7.18
98,-1733.72,296.85,7.18
99,-1730.88,302.62,7.18
100,-1728.10,308.29,7.18
101,-1725.54,313.51,7.18
102,-1722.67,319.08,7.16
103,-1719.87,323.97,7.10
104,-1716.63,329.28,7.04
105,-1713.11,334.79,7.02
106,-1709.56,339.84,7.02
107,-1705.79,344.44,7.02
108,-1701.54,349.28,7.02
109,-1697.28,354.08,7.02
110,-1693.51,358.32,7.02
111,-1689.42,362.92,7.02
112,-1685.12,367.78,7.02
113,-1680.97,372.46,7.02
114,-1677.09,376.77,7.02
115,-1672.85,381.11,7.02
116,-1668.59,385.33,7.02
117,-1664.44,389.41,7.02
118,-1660.40,393.40,7.02
119,-1655.94,397.79,7.02
120,-1651.22,402.46,7.02
121,-1646.79,406.84,7.02
122,-1642.51,411.10,7.02
123,-1637.68,415.96,7.02
124,-1633.58,420.09,7.02
125,-1628.76,424.93,7.02
126,-1624.23,429.50,7.02
127,-1619.73,434.01,7.02
128,-1614.96,438.82,7.02
129,-1610.12,443.68,7.02
130,-1605.37,448.46,7.02
131,-1601.05,452.81,7.02
132,-1596.29,457.60,7.02
133,-1591.48,462.46,7.02
134,-1586.90,467.48,7.02
135,-1582.40,473.21,7.02
136,-1579.19,477.47,7.02
137,-1575.22,482.99,7.02
138,-1571.83,488.61,7.02
139,-1568.74,495.45,7.02
140,-1566.66,502.27,7.02
141,-1565.44,509.39,7.02
142,-1564.61,516.66,7.02
143,-1563.87,523.47,7.02
144,-1563.31,528.44,7.02
145,-1562.50,535.43,7.02
146,-1561.73,542.77,7.02
147,-1561.03,550.09,7.02
148,-1560.54,555.25,7.02
149,-1559.84,562.76,7.02
150,-1559.49,567.81,7.02
151,-1559.21,572.85,7.02
152,-1558.85,579.95,7.02
153,-1558.48,587.35,7.02
154,-1558.23,592.48,7.03
155,-1558.02,597.63,7.03
156,-1557.96,602.68,7.03
157,-1557.98,610.01,7.03
158,-1558.01,615.26,7.03
159,-1558.04,620.53,7.03
160,-1558.06,625.90,7.03
161,-1558.09,631.42,7.03
162,-1558.12,638.93,7.03
163,-1558.14,644.45,7.03
164,-1558.17,652.02,7.03
165,-1558.19,657.11,7.03
166,-1558.23,664.42,7.03
167,-1558.26,672.13,7.03
168,-1558.28,677.34,7.03
169,-1558.31,684.42,7.03
170,-1558.34,691.52,7.03
171,-1558.37,698.43,7.03
172,-1558.40,706.09,7.03
173,-1558.43,711.28,7.03
174,-1558.46,718.15,7.03
175,-1558.48,724.71,7.03
176,-1558.51,731.64,7.03
177,-1558.55,739.05,7.03
178,-1558.57,744.09,7.03
179,-1558.60,751.27,7.03
180,-1558.62,756.80,7.03
181,-1558.64,762.01,7.03
182,-1558.68,769.24,7.03
183,-1558.70,776.77,7.03
184,-1558.60,783.63,7.03
185,-1558.46,791.02,7.03
186,-1558.32,797.59,7.03
187,-1558.19,804.01,7.03
188,-1558.06,810.29,7.03
189,-1557.93,816.62,7.03
190,-1557.80,823.19,7.03
191,-1557.72,829.33,7.03
192,-1557.64,835.76,7.03
193,-1557.56,842.26,7.03
194,-1557.52,849.12,7.03
195,-1557.75,855.52,7.03
196,-1558.05,861.86,7.03
197,-1558.38,868.25,7.03
198,-1558.68,874.25,7.03
199,-1558.91,880.24,7.03
200,-1559.07,886.10,7.03
201,-1559.24,892.56,7.03
202,-1559.40,898.76,7.03
203,-1559.58,905.47,7.03
204,-1559.88,912.48,7.03
205,-1560.42,918.48,7.03
206,-1561.11,925.26,7.03
207,-1561.85,932.12,7.03
208,-1562.83,938.24,7.03
209,-1564.41,944.24,7.03
210,-1566.88,950.59,7.03
211,-1570.10,956.58,7.03
212,-1573.72,962.30,7.03
213,-1577.45,968.03,7.03
214,-1581.15,973.75,7.03
215,-1584.60,979.37,7.03
216,-1587.50,985.15,7.03
217,-1590.04,991.46,7.03
218,-1592.43,997.90,7.03
219,-1594.77,1004.31,7.03
220,-1596.61,1010.18,7.03
221,-1598.19,1016.26,7.03
222,-1599.82,1022.87,7.03
223,-1601.10,1029.59,7.03
224,-1601.71,1036.36,7.03
225,-1602.00,1043.11,7.03
226,-1602.22,1050.01,7.03
227,-1602.43,1056.19,7.03
228,-1602.62,1061.96,7.03
229,-1602.73,1068.64,7.03
230,-1602.79,1075.49,7.03
231,-1602.84,1082.26,7.03
232,-1602.88,1087.93,7.03
233,-1602.92,1093.87,7.03
234,-1602.98,1100.42,7.03
235,-1603.03,1107.05,7.03
236,-1603.07,1112.13,7.03
237,-1603.30,1118.62,7.03
238,-1603.72,1125.30,7.03
239,-1604.11,1130.90,7.03
240,-1604.57,1137.19,7.03
241,-1605.22,1142.70,7.03
242,-1606.08,1148.78,7.03
243,-1606.80,1153.74,7.02
244,-1607.69,1159.89,7.02
245,-1608.49,1165.48,7.02
246,-1609.66,1170.47,7.03
247,-1612.71,1174.48,7.09
248,-1617.42,1177.31,7.23
249,-1622.62,1180.26,7.22
250,-1628.22,1182.55,7.14
251,-1633.62,1184.06,7.11
252,-1639.64,1185.79,7.07
253,-1645.57,1187.56,7.34
254,-1650.26,1189.01,8.54
255,-1655.83,1189.93,10.19
256,-1661.32,1190.37,11.77
257,-1666.26,1190.79,13.19
258,-1671.46,1191.20,15.02
259,-1676.31,1190.99,17.03
260,-1681.76,1190.70,19.24
261,-1686.78,1190.47,21.28
262,-1691.56,1190.53,22.97
263,-1697.08,1190.59,24.44
264,-1702.54,1190.63,24.96
265,-1708.44,1190.68,24.97
266,-1713.53,1190.66,24.97
267,-1718.93,1190.19,24.97
268,-1725.07,1189.63,24.97
269,-1731.26,1189.30,24.97
270,-1736.67,1189.26,24.97
271,-1742.22,1189.33,24.97
272,-1747.58,1189.56,24.97
273,-1752.79,1189.79,24.97
274,-1758.70,1190.04,24.97
275,-1764.78,1190.31,24.97
276,-1770.60,1190.56,24.97
277,-1776.94,1190.79,24.97
278,-1782.50,1190.14,24.96
279,-1787.10,1187.95,24.96
280,-1790.65,1183.58,24.96
281,-1792.41,1177.95,24.97
282,-1793.85,1173.09,25.13
283,-1795.10,1168.31,26.34
284,-1795.14,1163.08,28.49
285,-1795.07,1158.17,30.50
286,-1795.09,1152.86,32.66
287,-1795.10,1147.53,34.83
288,-1795.10,1142.89,36.71
289,-1795.11,1138.17,38.63
290,-1795.11,1132.76,40.83
291,-1795.05,1128.06,42.60
292,-1794.20,1123.07,44.03
293,-1792.83,1118.10,45.01
294,-1790.66,1112.96,45.32
295,-1787.06,1108.72,45.28
296,-1782.01,1107.24,45.28
297,-1776.71,1106.35,45.28
298,-1770.92,1105.55,45.28
299,-1765.78,1105.58,45.28
300,-1759.94,1105.65,45.28
301,-1753.68,1105.70,45.28
302,-1748.39,1105.72,45.28
303,-1743.25,1105.75,45.28
304,-1737.73,1105.79,45.28
305,-1732.36,1105.96,45.28
306,-1727.34,1106.81,45.28
307,-1721.55,1108.47,45.29
308,-1717.15,1111.24,45.28
309,-1713.90,1116.08,45.22
310,-1713.03,1121.08,44.51
311,-1712.85,1126.49,43.13
312,-1712.65,1131.22,41.49
313,-1712.41,1136.65,39.28
314,-1712.20,1141.83,37.17
315,-1711.99,1147.22,34.98
316,-1711.77,1152.56,32.80
317,-1711.57,1157.61,30.75
318,-1711.35,1162.99,28.56
319,-1711.13,1168.44,26.35
320,-1710.47,1173.64,25.03
321,-1708.49,1178.86,24.92
322,-1705.08,1183.51,24.96
323,-1700.10,1187.27,24.85
324,-1695.50,1189.38,24.19
325,-1690.09,1191.16,22.52
326,-1685.00,1192.00,20.59
327,-1679.32,1192.17,18.25
328,-1673.68,1191.59,15.95
329,-1669.02,1190.97,14.08
330,-1664.02,1190.32,12.47
331,-1657.51,1189.55,10.67
332,-1652.22,1189.37,9.15
333,-1647.35,1189.37,7.74
334,-1640.73,1189.43,6.92
335,-1634.64,1189.97,7.09
336,-1629.78,1191.21,7.11
337,-1624.60,1193.56,7.04
338,-1619.58,1197.36,7.02
339,-1616.16,1201.53,7.03
340,-1613.72,1206.71,7.06
341,-1613.08,1211.88,7.15
342,-1613.67,1216.89,7.09
343,-1615.28,1221.80,7.02
344,-1618.36,1226.21,7.03
345,-1622.34,1230.65,7.03
346,-1626.40,1235.17,7.03
347,-1630.41,1238.96,7.03
348,-1635.40,1242.67,7.03
349,-1639.72,1245.28,7.03
350,-1644.70,1247.89,7.03
351,-1649.60,1250.48,7.07
352,-1654.71,1253.20,7.15
353,-1659.92,1255.90,7.18
354,-1665.33,1258.66,7.11
355,-1670.43,1261.30,7.05
356,-1675.59,1264.08,7.03
357,-1680.06,1266.48,7.03
358,-1684.50,1268.81,7.03
359,-1688.99,1271.14,7.03
360,-1694.13,1273.82,7.03
361,-1699.50,1276.28,7.03
362,-1705.02,1278.41,7.04
363,-1710.35,1280.18,7.12
364,-1715.83,1280.92,7.18
365,-1721.09,1281.50,7.18
366,-1726.79,1282.20,6.88
367,-1731.87,1283.31,6.64
368,-1736.88,1285.56,6.56
369,-1742.01,1286.93,6.53
370,-1747.10,1285.44,7.05
371,-1750.11,1282.34,7.56
372,-1751.41,1277.77,7.86
373,-1751.02,1274.28,7.88
374,-1748.59,1270.05,7.77
375,-1744.33,1267.47,7.45
376,-1739.06,1267.18,7.15
377,-1734.23,1269.69,6.99
378,-1730.82,1273.49,6.85
379,-1727.02,1277.39,6.90
380,-1722.93,1281.23,7.11
381,-1718.33,1283.80,7.19
382,-1712.47,1284.88,7.13
383,-1707.87,1284.45,7.04
384,-1703.09,1282.20,7.03
385,-1698.03,1278.96,7.03
386,-1693.57,1275.99,7.03
387,-1689.21,1272.27,7.03
388,-1684.60,1268.22,7.03
389,-1680.80,1264.90,7.03
390,-1676.68,1261.28,7.03
391,-1672.23,1256.70,7.03
392,-1668.46,1252.65,7.03
393,-1664.69,1248.59,7.03
394,-1660.78,1244.41,7.03
395,-1657.04,1240.42,7.03
396,-1653.20,1236.33,7.03
397,-1648.81,1231.63,7.03
398,-1644.82,1227.36,7.03
399,-1640.26,1222.47,7.03
400,-1636.35,1217.83,7.03
401,-1632.56,1213.09,7.03
402,-1628.64,1208.18,7.03
403,-1625.32,1204.02,7.03
404,-1621.53,1199.06,7.03
405,-1618.63,1194.98,7.03
406,-1614.70,1189.40,7.04
407,-1611.73,1184.70,7.04
408,-1609.29,1179.70,7.04
409,-1607.41,1173.93,7.03
410,-1606.42,1167.54,7.03
411,-1606.22,1162.40,7.03
412,-1606.17,1157.26,7.03
413,-1606.12,1152.10,7.03
414,-1606.04,1146.83,7.03
415,-1605.95,1141.57,7.03
416,-1605.82,1135.82,7.03
417,-1605.50,1130.47,7.03
418,-1605.13,1125.09,7.03
419,-1604.72,1119.22,7.03
420,-1604.49,1113.21,7.03
421,-1604.33,1107.19,7.03
422,-1604.20,1101.65,7.03
423,-1604.06,1096.06,7.03
424,-1603.90,1089.93,7.03
425,-1603.74,1083.77,7.03
426,-1603.59,1078.03,7.03
427,-1603.45,1072.83,7.03
428,-1603.30,1066.94,7.03
429,-1603.17,1061.75,7.03
430,-1603.03,1056.59,7.03
431,-1602.89,1051.28,7.03
432,-1602.73,1044.91,7.03
433,-1602.44,1039.01,7.03
434,-1601.75,1033.62,7.03
435,-1600.22,1027.28,7.03
436,-1598.13,1021.71,7.03
437,-1595.20,1016.04,7.03
438,-1592.32,1011.30,7.04
439,-1588.87,1005.67,7.14
440,-1585.82,1000.64,7.15
441,-1582.57,995.36,7.13
442,-1579.34,990.19,7.10
443,-1576.10,985.15,7.02
444,-1572.77,979.92,7.03
445,-1569.54,974.03,7.03
446,-1567.34,968.89,7.03
447,-1565.44,962.68,7.03
448,-1563.86,956.08,7.03
449,-1562.47,950.07,7.03
450,-1561.18,944.01,7.03
451,-1560.29,937.42,7.03
452,-1559.74,930.63,7.03
453,-1559.28,923.80,7.03
454,-1558.81,916.73,7.03
455,-1558.34,910.06,7.03
456,-1557.87,903.41,7.03
457,-1557.38,896.60,7.03
458,-1556.92,889.78,7.03
459,-1556.77,883.03,7.03
460,-1556.78,876.00,7.03
461,-1556.82,869.37,7.03
462,-1557.17,862.76,7.03
463,-1558.22,856.68,7.03
464,-1559.82,850.58,7.03
465,-1561.06,844.77,7.03
466,-1561.71,838.45,7.03
467,-1561.96,832.35,7.03
468,-1562.12,825.86,7.03
469,-1562.30,819.66,7.03
470,-1562.36,813.97,7.03
471,-1562.31,807.93,7.03
472,-1562.23,801.64,7.03
473,-1562.13,794.70,7.03
474,-1562.03,788.03,7.03
475,-1561.93,781.44,7.03
476,-1561.85,774.85,7.03
477,-1561.76,768.36,7.03
478,-1561.64,760.94,7.03
479,-1561.14,753.67,7.03
480,-1560.52,748.60,7.03
481,-1559.54,741.34,7.03
482,-1558.58,734.29,7.03
483,-1557.76,727.60,7.03
484,-1557.46,720.37,7.03
485,-1557.56,713.01,7.03
486,-1557.73,706.01,7.03
487,-1557.88,699.41,7.03
488,-1557.90,692.66,7.03
489,-1557.43,685.89,7.03
490,-1556.91,680.73,7.03
491,-1556.16,673.81,7.03
492,-1555.44,667.06,7.03
493,-1554.91,662.03,7.03
494,-1554.15,654.70,7.03
495,-1553.56,648.73,7.03
496,-1553.24,642.23,7.03
497,-1553.37,635.15,7.03
498,-1553.59,628.79,7.03
499,-1553.88,621.34,7.03
500,-1554.11,614.74,7.03
501,-1554.34,607.70,7.03
502,-1554.43,602.58,7.03
503,-1554.51,596.01,7.03
504,-1554.58,589.21,7.03
505,-1554.65,582.80,7.03
506,-1554.73,575.59,7.02
507,-1554.92,568.56,7.02
508,-1555.30,561.93,7.02
509,-1555.75,555.08,7.02
510,-1556.23,547.82,7.02
511,-1556.68,541.33,7.02
512,-1557.43,534.57,7.02
513,-1558.71,528.05,7.02
514,-1560.21,521.61,7.02
515,-1561.60,515.93,7.02
516,-1563.42,509.68,7.02
517,-1565.45,503.42,7.02
518,-1567.35,497.65,7.02
519,-1569.66,491.31,7.02
520,-1572.26,484.93,7.02
521,-1574.83,478.79,7.02
522,-1577.08,473.43,7.02
523,-1579.51,467.63,7.02
524,-1581.92,461.84,7.03
525,-1584.37,456.02,7.08
526,-1586.98,449.88,7.16
527,-1589.27,444.43,7.17
528,-1591.63,438.98,7.18
529,-1594.56,433.42,7.18
530,-1597.54,429.01,7.18
531,-1601.16,424.67,7.17
532,-1604.83,420.71,7.18
533,-1608.34,416.97,7.18
534,-1612.14,412.68,7.18
535,-1615.53,408.77,7.18
536,-1619.03,404.71,7.18
537,-1622.62,400.55,7.18
538,-1626.46,396.19,7.18
539,-1630.22,392.11,7.18
540,-1633.81,388.28,7.18
541,-1637.36,384.49,7.18
542,-1641.25,380.33,7.18
543,-1645.44,375.85,7.18
544,-1649.44,371.51,7.18
545,-1653.51,367.05,7.18
546,-1657.57,362.57,7.18
547,-1661.86,357.84,7.18
548,-1666.19,353.06,7.18
549,-1670.55,348.26,7.18
550,-1674.57,343.84,7.18
551,-1678.24,339.80,7.18
552,-1682.40,335.21,7.18
553,-1686.71,330.47,7.18
554,-1690.82,325.94,7.18
555,-1694.94,321.39,7.18
556,-1699.16,316.75,7.18
557,-1703.24,312.25,7.18
558,-1707.02,308.05,7.18
559,-1710.96,303.15,7.18
560,-1714.74,297.85,7.18
561,-1718.13,292.95,7.18
562,-1721.82,287.62,7.18
563,-1725.09,282.90,7.18
564,-1728.31,278.28,7.18
565,-1731.24,274.09,7.18
566,-1734.53,269.36,7.18
567,-1737.77,264.71,7.16
568,-1741.13,259.67,7.05
569,-1743.75,255.22,6.92
570,-1746.43,250.48,6.79
571,-1748.92,246.04,6.66
572,-1751.66,241.17,6.53
573,-1754.59,235.93,6.39
574,-1756.84,230.76,6.26
575,-1758.34,225.43,6.10
576,-1759.57,220.30,5.46
577,-1760.58,215.04,4.37
578,-1760.88,209.73,3.63
579,-1760.90,204.60,3.59
580,-1760.30,198.63,3.61
581,-1758.89,193.59,3.59
582,-1757.02,187.66,3.63
583,-1755.63,182.17,3.63
584,-1755.11,176.82,3.60
585,-1754.49,171.45,3.57
586,-1754.22,166.10,3.54
587,-1754.46,160.06,3.55
588,-1754.62,154.92,3.55
589,-1754.41,148.71,3.55
590,-1753.90,142.82,3.55
591,-1753.40,137.55,3.55
592,-1753.08,131.78,3.55
593,-1752.94,125.92,3.55
594,-1752.83,119.86,3.55
595,-1752.68,114.03,3.55
596,-1752.25,107.69,3.55
597,-1751.81,101.80,3.55
598,-1751.48,95.42,3.55
599,-1751.31,90.37,3.55
600,-1751.14,84.94,3.55
601,-1750.95,78.63,3.55
602,-1750.78,73.32,3.55
603,-1750.61,68.04,3.55
604,-1750.45,61.44,3.55
605,-1750.47,54.73,3.55
606,-1750.51,49.55,3.54
607,-1750.56,43.95,3.54
608,-1750.60,38.65,3.54
609,-1750.65,32.44,3.55
610,-1750.69,26.69,3.55
611,-1750.74,20.40,3.55
612,-1750.78,14.15,3.55
613,-1750.83,7.81,3.55
614,-1750.88,1.84,3.55
615,-1750.90,-3.19,3.55
616,-1750.54,-9.17,3.54
617,-1749.99,-14.15,3.54
618,-1749.21,-19.15,3.54
619,-1748.33,-23.54,3.54
620,-1746.48,-27.56,3.54
621,-1743.74,-30.30,3.54
622,-1739.73,-32.03,3.55
623,-1734.58,-33.81,3.55
624,-1728.86,-34.27,3.55
625,-1723.12,-32.94,3.56
626,-1718.30,-31.63,3.60
627,-1713.01,-30.14,3.56
628,-1708.19,-27.70,3.58
629,-1703.35,-23.81,3.55
630,-1698.91,-19.94,3.55
631,-1695.02,-16.62,3.55
632,-1691.02,-13.22,3.55
633,-1687.15,-9.93,3.55
634,-1682.74,-6.16,3.55
635,-1678.17,-2.25,3.56
636,-1673.49,1.74,3.55
637,-1668.95,5.62,3.55
638,-1664.40,9.50,3.55
639,-1659.63,13.92,3.55
640,-1655.42,18.15,3.55
641,-1651.65,21.99,3.54
642,-1647.07,26.65,3.55
643,-1642.51,31.26,3.55
644,-1638.87,34.95,3.55
645,-1635.06,38.82,3.55
646,-1631.15,42.78,3.55
647,-1626.48,47.52,3.55
648,-1622.67,51.39,3.55
649,-1618.63,55.48,3.55
650,-1614.61,59.57,3.55
651,-1610.21,64.03,3.55
652,-1606.21,68.09,3.55
653,-1602.03,72.32,3.55
654,-1597.74,76.68,3.55
655,-1593.57,80.91,3.55
656,-1589.33,85.21,3.55
657,-1585.04,89.56,3.55
658,-1580.42,94.24,3.55
659,-1575.21,99.53,3.55
660,-1570.93,103.87,3.55
661,-1566.30,108.56,3.55
662,-1561.54,113.09,3.55
663,-1556.88,117.37,3.55
