[duongdi_1]
1,-1691.70,66.70,-887.33
2,-1691.70,66.70,-887.33
3,-1691.70,66.70,-887.32
4,-1692.31,66.78,-885.17
5,-1693.43,66.92,-881.22
6,-1694.82,67.41,-876.41
7,-1696.28,69.48,-872.03
8,-1697.38,71.33,-867.58
9,-1698.08,73.19,-862.65
10,-1698.09,74.97,-857.27
11,-1697.97,76.98,-851.94
12,-1698.11,78.88,-846.86
13,-1698.40,79.78,-841.13
14,-1698.65,80.29,-836.14
15,-1698.93,81.04,-830.71
16,-1698.80,81.75,-825.24
17,-1697.17,82.34,-819.95
18,-1694.84,82.47,-814.58
19,-1691.45,83.09,-810.40
20,-1686.73,83.73,-807.75
21,-1681.09,84.46,-806.80
22,-1676.09,85.14,-806.40
23,-1670.90,85.92,-806.01
24,-1665.53,86.83,-805.89
25,-1660.09,87.85,-806.58
26,-1654.56,88.89,-807.56
27,-1648.95,89.92,-808.88
28,-1643.56,90.91,-811.24
29,-1638.77,91.75,-814.93
30,-1634.88,92.58,-819.73
31,-1632.59,93.14,-824.29
32,-1631.13,93.73,-829.23
33,-1630.26,94.17,-834.37
34,-1629.48,94.66,-839.58
35,-1628.69,95.13,-844.84
36,-1627.95,95.49,-850.18
37,-1627.24,95.89,-855.59
38,-1626.53,96.29,-861.05
39,-1625.91,96.60,-866.61
40,-1625.50,96.90,-872.26
41,-1625.14,97.22,-877.97
42,-1624.98,97.53,-883.75
43,-1625.36,97.78,-889.64
44,-1625.90,98.03,-895.56
45,-1626.56,98.28,-901.54
46,-1627.52,98.54,-907.55
47,-1628.58,98.79,-913.62
48,-1629.67,98.98,-919.76
49,-1630.63,99.18,-925.99
50,-1631.54,99.39,-932.30
51,-1632.46,99.59,-938.69
52,-1633.39,99.80,-945.13
53,-1634.33,99.98,-951.65
54,-1635.28,100.16,-958.23
55,-1636.00,100.29,-963.21
56,-1636.72,100.42,-968.23
57,-1637.45,100.56,-973.27
58,-1638.18,100.69,-978.33
59,-1638.91,100.81,-983.41
60,-1639.65,100.92,-988.51
61,-1640.34,101.04,-993.63
62,-1640.84,101.15,-998.78
63,-1641.00,101.27,-1003.96
64,-1640.94,101.40,-1009.31
65,-1640.83,101.50,-1014.53
66,-1640.70,101.59,-1019.77
67,-1640.54,101.69,-1025.03
68,-1640.28,101.79,-1030.30
69,-1639.84,101.89,-1035.57
70,-1639.26,101.98,-1040.84
71,-1638.64,102.05,-1046.13
72,-1637.99,102.12,-1051.44
73,-1637.25,102.20,-1056.74
74,-1636.24,102.28,-1062.01
75,-1634.78,102.34,-1067.19
76,-1632.93,102.38,-1072.24
77,-1630.95,102.43,-1077.28
78,-1628.94,102.48,-1082.32
79,-1626.93,102.53,-1087.37
80,-1624.90,102.56,-1092.44
81,-1622.75,102.58,-1097.49
82,-1620.31,102.61,-1102.40
83,-1617.69,102.63,-1107.25
84,-1615.03,102.64,-1112.09
85,-1612.35,102.63,-1116.94
86,-1609.67,102.63,-1121.81
87,-1606.98,102.63,-1126.69
88,-1604.27,102.62,-1131.58
89,-1601.45,102.59,-1136.43
90,-1598.38,102.57,-1141.15
91,-1594.99,102.54,-1145.65
92,-1591.44,102.51,-1150.05
93,-1587.85,102.47,-1154.43
94,-1584.24,102.42,-1158.82
95,-1580.54,102.38,-1163.16
96,-1576.80,102.33,-1167.50
97,-1573.05,102.27,-1171.83
98,-1569.28,102.21,-1176.16
99,-1565.38,102.15,-1180.42
100,-1561.41,102.08,-1184.62
101,-1557.40,102.01,-1188.82
102,-1553.38,101.94,-1193.03
103,-1549.35,101.86,-1197.24
104,-1545.30,101.79,-1201.48
105,-1541.26,101.71,-1205.71
106,-1537.18,101.63,-1209.98
107,-1533.06,101.55,-1214.19
108,-1528.75,101.46,-1218.22
109,-1524.36,101.38,-1222.19
110,-1519.93,101.30,-1226.16
111,-1515.51,101.21,-1230.12
112,-1511.08,101.13,-1234.09
113,-1506.68,101.05,-1238.11
114,-1502.28,100.96,-1242.17
115,-1497.89,100.88,-1246.25
116,-1493.56,100.80,-1250.43
117,-1489.45,100.72,-1254.80
118,-1485.63,100.64,-1259.45
119,-1481.97,100.57,-1264.23
120,-1478.33,100.50,-1269.06
121,-1474.70,100.43,-1273.88
122,-1471.09,100.38,-1278.72
123,-1467.60,100.33,-1283.69
124,-1464.44,100.27,-1288.84
125,-1461.62,100.23,-1294.19
126,-1458.92,100.20,-1299.62
127,-1456.26,100.16,-1305.09
128,-1453.82,100.14,-1310.65
129,-1451.81,100.13,-1316.38
130,-1450.29,100.13,-1321.65
131,-1448.69,100.12,-1327.51
132,-1447.13,100.14,-1333.38
133,-1445.63,100.17,-1339.27
134,-1444.14,100.19,-1345.17
135,-1442.65,100.23,-1351.05
136,-1441.16,100.30,-1356.95
137,-1439.66,100.36,-1362.76
138,-1438.18,100.41,-1368.38
139,-1436.74,100.54,-1373.79
140,-1435.35,100.68,-1378.91
141,-1433.71,100.81,-1384.68
142,-1432.14,101.07,-1390.16
143,-1430.26,101.39,-1395.21
144,-1427.65,101.70,-1399.88
145,-1424.73,102.38,-1404.80
146,-1421.44,102.88,-1408.57
147,-1417.14,103.63,-1411.41
148,-1412.08,104.31,-1413.03
149,-1407.19,104.96,-1413.98
150,-1401.97,105.60,-1414.89
151,-1396.87,106.18,-1416.22
152,-1392.90,106.56,-1419.42
153,-1389.60,107.19,-1423.48
154,-1387.04,106.11,-1427.94
155,-1385.06,103.41,-1431.81
156,-1383.72,101.39,-1436.81
157,-1381.58,101.47,-1441.72
158,-1377.91,101.51,-1445.35
159,-1373.56,101.75,-1448.10
160,-1372.34,101.78,-1453.32
161,-1374.24,101.68,-1458.06
162,-1377.81,101.52,-1462.12
163,-1381.81,101.37,-1466.21
164,-1385.71,101.39,-1469.53
165,-1390.17,101.40,-1472.79
166,-1395.72,101.40,-1474.24
167,-1401.24,101.37,-1472.96
168,-1406.28,101.30,-1471.15
169,-1411.38,101.24,-1469.29
170,-1416.81,101.33,-1467.30
171,-1422.00,101.32,-1465.35
172,-1426.45,101.33,-1463.63
173,-1429.80,101.36,-1461.84
174,-1431.39,101.36,-1459.48
175,-1431.23,101.36,-1459.67
176,-1431.14,101.36,-1460.24
177,-1431.14,101.36,-1460.23
178,-1431.14,101.36,-1460.23
179,-1431.14,101.36,-1460.23
180,-1431.14,101.36,-1460.23

[duongdi_2]
1,-1429.00,101.35,-1463.06
2,-1429.00,101.35,-1463.06
3,-1428.99,101.35,-1463.05
4,-1427.41,101.33,-1462.71
5,-1424.00,101.32,-1464.55
6,-1419.41,101.30,-1467.96
7,-1413.99,101.31,-1470.12
8,-1408.51,101.31,-1471.76
9,-1402.61,101.36,-1472.38
10,-1397.38,101.33,-1470.96
11,-1392.92,101.26,-1467.71
12,-1389.45,101.29,-1462.78
13,-1387.76,101.27,-1457.82
14,-1387.57,101.22,-1451.94
15,-1388.59,101.15,-1446.95
16,-1389.82,101.23,-1441.62
17,-1390.73,101.69,-1435.92
18,-1391.18,102.85,-1430.61
19,-1391.49,106.03,-1426.01
20,-1390.12,107.85,-1421.00
21,-1388.17,106.91,-1416.48
22,-1383.78,107.67,-1413.14
23,-1379.05,108.24,-1410.38
24,-1374.19,108.81,-1407.99
25,-1368.96,109.40,-1405.45
26,-1364.34,109.91,-1403.19
27,-1359.49,110.45,-1400.82
28,-1354.42,111.01,-1398.34
29,-1349.08,111.55,-1395.73
30,-1343.55,112.13,-1393.03
31,-1338.99,112.60,-1390.80
32,-1334.32,113.07,-1388.52
33,-1329.59,113.53,-1386.20
34,-1324.82,113.99,-1383.87
35,-1319.99,114.46,-1381.54
36,-1315.08,114.93,-1379.27
37,-1310.11,115.38,-1376.98
38,-1305.09,115.83,-1374.69
39,-1299.95,116.29,-1372.50
40,-1294.75,116.75,-1370.34
41,-1289.48,117.21,-1368.20
42,-1284.13,117.64,-1366.15
43,-1278.73,118.08,-1364.10
44,-1273.27,118.53,-1362.03
45,-1267.75,118.98,-1360.00
46,-1262.16,119.41,-1358.00
47,-1256.53,119.84,-1355.99
48,-1250.85,120.27,-1353.96
49,-1245.07,120.71,-1352.08
50,-1239.17,121.15,-1350.45
51,-1233.20,121.54,-1348.85
52,-1227.09,121.97,-1347.25
53,-1220.99,122.39,-1345.81
54,-1214.84,122.81,-1344.43
55,-1208.64,123.20,-1343.04
56,-1202.40,123.58,-1341.64
57,-1196.08,123.98,-1340.25
58,-1189.69,124.38,-1339.13
59,-1183.24,124.75,-1338.18
60,-1176.73,125.10,-1337.25
61,-1170.17,125.46,-1336.33
62,-1163.56,125.82,-1335.58
63,-1158.56,126.09,-1335.11
64,-1153.53,126.33,-1334.66
65,-1148.47,126.55,-1334.20
66,-1143.40,126.78,-1333.75
67,-1138.32,127.01,-1333.29
68,-1133.29,127.25,-1332.85
69,-1126.04,127.56,-1332.24
70,-1119.93,127.78,-1331.75
71,-1114.56,128.25,-1331.53
72,-1109.09,128.53,-1331.09
73,-1103.91,128.67,-1330.59
74,-1097.86,128.89,-1329.90
75,-1092.29,129.03,-1329.23
76,-1086.65,129.17,-1328.55
77,-1081.08,129.30,-1327.87
78,-1075.99,129.26,-1327.03
79,-1070.53,129.20,-1325.54
80,-1065.66,129.11,-1323.53
81,-1061.59,128.95,-1319.66
82,-1058.79,128.84,-1315.17
83,-1056.65,128.66,-1310.35
84,-1056.21,128.62,-1304.77
85,-1056.33,128.57,-1299.64
86,-1056.52,128.50,-1294.40
87,-1056.50,128.39,-1289.18
88,-1056.27,128.30,-1283.53
89,-1055.97,128.26,-1277.51
90,-1055.71,128.22,-1272.42
91,-1055.43,128.23,-1267.17
92,-1055.11,128.22,-1261.79
93,-1054.79,128.21,-1256.29
94,-1054.44,128.21,-1250.66
95,-1054.11,128.22,-1245.39
96,-1053.75,128.29,-1239.42
97,-1053.49,128.34,-1233.92
98,-1053.28,128.40,-1228.69
99,-1053.04,128.45,-1222.52
100,-1053.28,128.48,-1217.51
101,-1053.77,128.55,-1212.35
102,-1054.85,128.62,-1207.86
103,-1056.57,128.73,-1202.62
104,-1058.44,128.87,-1198.38
105,-1060.38,129.29,-1196.35
106,-1060.29,129.21,-1196.42
107,-1060.28,129.21,-1196.43
108,-1060.28,129.21,-1196.43
109,-1060.28,129.21,-1196.43
110,-1060.28,129.21,-1196.43
111,-1060.28,129.21,-1196.43
112,-1060.28,129.21,-1196.43
113,-1060.28,129.21,-1196.43
114,-1060.28,129.21,-1196.43
115,-1060.28,129.21,-1196.43

[duongdi_3]
1,-1059.12,128.96,-1197.99
2,-1059.12,128.96,-1197.99
3,-1059.12,128.96,-1197.99
4,-1059.12,128.96,-1197.99
5,-1059.12,128.96,-1197.99
6,-1059.07,128.99,-1197.79
7,-1058.91,128.96,-1197.30
8,-1058.63,128.93,-1196.64
9,-1058.05,128.92,-1195.61
10,-1057.32,128.91,-1194.69
11,-1056.45,128.89,-1193.87
12,-1055.63,128.87,-1193.27
13,-1054.36,128.84,-1192.57
14,-1053.18,128.80,-1192.16
15,-1052.25,128.80,-1191.97
16,-1050.86,128.79,-1191.90
17,-1049.76,128.78,-1192.00
18,-1048.67,128.79,-1192.26
19,-1047.27,128.80,-1192.82
20,-1045.80,128.81,-1193.77
21,-1044.65,128.83,-1194.90
22,-1043.80,128.83,-1196.13
23,-1043.07,128.85,-1197.77
24,-1042.64,128.88,-1199.69
25,-1042.43,128.88,-1201.79
26,-1042.15,128.89,-1204.08
27,-1041.78,128.90,-1206.95
28,-1041.52,128.90,-1209.77
29,-1041.59,128.88,-1213.04
30,-1041.73,128.86,-1216.46
31,-1041.85,128.84,-1219.08
32,-1042.00,128.78,-1223.29
33,-1042.10,128.75,-1227.26
34,-1042.24,128.71,-1231.73
35,-1042.39,128.66,-1236.22
36,-1042.57,128.59,-1240.85
37,-1042.74,128.50,-1245.66
38,-1042.90,128.39,-1250.95
39,-1043.06,128.30,-1256.09
40,-1043.26,128.26,-1261.79
41,-1043.61,128.19,-1267.37
42,-1044.04,128.08,-1272.98
43,-1044.41,128.02,-1278.12
44,-1044.77,127.96,-1283.44
45,-1045.11,127.92,-1288.55
46,-1045.51,127.99,-1293.64
47,-1045.93,128.10,-1298.34
48,-1046.63,128.19,-1303.86
49,-1047.90,128.28,-1308.47
50,-1049.91,128.36,-1312.59
51,-1052.47,128.43,-1315.88
52,-1055.94,128.68,-1318.65
53,-1059.55,129.09,-1320.96
54,-1063.23,129.21,-1323.23
55,-1066.91,129.25,-1325.51
56,-1070.93,129.36,-1327.60
57,-1075.46,129.43,-1329.29
58,-1080.14,129.43,-1330.54
59,-1084.79,129.31,-1331.71
60,-1089.69,129.18,-1332.97
61,-1094.46,129.02,-1334.23
62,-1099.21,128.63,-1335.37
63,-1104.45,128.36,-1336.05
64,-1109.58,128.25,-1336.45
65,-1115.18,128.02,-1336.93
66,-1120.31,127.84,-1337.44
67,-1126.13,127.63,-1338.02
68,-1131.33,127.43,-1338.51
69,-1137.32,127.14,-1339.04
70,-1143.51,126.85,-1339.61
71,-1149.80,126.56,-1340.20
72,-1154.90,126.32,-1340.69
73,-1161.30,126.01,-1341.28
74,-1167.62,125.65,-1341.86
75,-1172.68,125.36,-1342.33
76,-1177.74,125.09,-1342.80
77,-1182.74,124.81,-1343.27
78,-1188.11,124.51,-1343.78
79,-1193.81,124.15,-1344.31
80,-1199.53,123.78,-1344.99
81,-1204.90,123.45,-1345.91
82,-1209.82,123.15,-1346.88
83,-1215.46,122.79,-1348.02
84,-1221.20,122.39,-1349.22
85,-1226.75,122.00,-1350.60
86,-1232.26,121.62,-1352.18
87,-1237.64,121.24,-1353.77
88,-1243.25,120.84,-1355.46
89,-1248.92,120.40,-1357.16
90,-1254.55,119.97,-1358.87
91,-1260.66,119.51,-1360.89
92,-1266.41,119.07,-1362.88
93,-1271.86,118.64,-1364.79
94,-1278.27,118.10,-1367.04
95,-1283.96,117.63,-1369.16
96,-1288.84,117.23,-1371.23
97,-1294.34,116.75,-1373.70
98,-1299.90,116.24,-1376.24
99,-1305.99,115.69,-1379.03
100,-1310.94,115.24,-1381.29
101,-1316.38,114.75,-1383.75
102,-1322.18,114.19,-1386.29
103,-1328.02,113.63,-1388.81
104,-1333.39,113.12,-1391.13
105,-1338.60,112.62,-1393.38
106,-1344.35,112.03,-1395.87
107,-1349.68,111.48,-1398.17
108,-1354.94,110.95,-1400.40
109,-1360.04,110.42,-1402.50
110,-1365.21,109.85,-1404.61
111,-1370.72,109.26,-1406.73
112,-1376.41,108.66,-1408.48
113,-1382.86,107.93,-1410.04
114,-1388.56,107.30,-1411.27
115,-1393.89,106.69,-1412.07
116,-1399.29,106.04,-1412.44
117,-1404.50,105.38,-1412.56
118,-1410.69,104.58,-1412.44
119,-1417.02,103.68,-1411.67
120,-1423.23,102.88,-1409.94
121,-1428.50,102.29,-1407.50
122,-1433.72,101.83,-1403.81
123,-1438.06,101.43,-1399.46
124,-1441.22,101.32,-1394.57
125,-1443.48,101.14,-1389.00
126,-1444.84,100.99,-1383.18
127,-1445.62,100.97,-1377.98
128,-1446.40,100.86,-1372.55
129,-1447.15,100.76,-1366.91
130,-1447.55,100.70,-1361.79
131,-1447.50,100.59,-1356.13
132,-1447.30,100.45,-1350.38
133,-1447.17,100.30,-1344.05
134,-1447.65,100.21,-1338.07
135,-1448.70,100.21,-1332.03
136,-1449.79,100.19,-1325.79
137,-1450.99,100.20,-1319.47
138,-1452.74,100.21,-1313.49
139,-1454.90,100.22,-1307.54
140,-1457.02,100.25,-1301.93
141,-1459.55,100.29,-1296.06
142,-1462.81,100.32,-1290.42
143,-1466.48,100.37,-1285.35
144,-1470.46,100.44,-1280.22
145,-1474.52,100.49,-1274.98
146,-1477.89,100.55,-1270.78
147,-1481.34,100.62,-1266.94
148,-1484.80,100.68,-1263.29
149,-1488.30,100.73,-1259.65
150,-1492.92,100.82,-1254.84
151,-1496.52,100.89,-1251.09
152,-1500.04,100.96,-1247.38
153,-1503.79,101.03,-1243.44
154,-1507.49,101.11,-1239.55
155,-1511.25,101.19,-1235.64
156,-1515.00,101.26,-1231.94
157,-1518.88,101.34,-1228.29
158,-1522.76,101.41,-1224.67
159,-1527.69,101.51,-1220.09
160,-1531.60,101.58,-1216.45
161,-1536.50,101.68,-1211.87
162,-1540.18,101.74,-1208.38
163,-1544.21,101.82,-1204.35
164,-1548.43,101.90,-1200.07
165,-1551.97,101.97,-1196.45
166,-1555.89,102.04,-1192.43
167,-1559.88,102.10,-1188.33
168,-1563.79,102.18,-1184.11
169,-1567.53,102.24,-1179.98
170,-1571.36,102.30,-1175.72
171,-1574.79,102.35,-1171.89
172,-1578.19,102.41,-1168.09
173,-1582.04,102.46,-1163.59
174,-1585.42,102.50,-1159.12
175,-1588.74,102.54,-1154.40
176,-1591.97,102.58,-1149.66
177,-1595.20,102.62,-1144.90
178,-1598.44,102.64,-1140.01
179,-1601.62,102.66,-1135.14
180,-1604.78,102.69,-1130.25
181,-1608.00,102.71,-1125.27
182,-1611.00,102.71,-1120.41
183,-1613.92,102.70,-1114.96
184,-1616.56,102.71,-1109.51
185,-1619.15,102.70,-1103.98
186,-1621.72,102.66,-1098.28
187,-1624.09,102.63,-1092.75
188,-1626.46,102.60,-1087.16
189,-1628.79,102.56,-1081.61
190,-1631.02,102.49,-1075.87
191,-1632.94,102.43,-1069.66
192,-1634.54,102.37,-1063.27
193,-1635.87,102.29,-1057.45
194,-1636.97,102.20,-1051.75
195,-1637.76,102.11,-1045.42
196,-1638.34,102.03,-1039.24
197,-1638.87,101.94,-1033.28
198,-1639.39,101.82,-1027.31
199,-1639.92,101.70,-1021.25
200,-1640.39,101.60,-1015.81
201,-1640.73,101.47,-1009.30
202,-1640.78,101.34,-1003.31
203,-1640.74,101.20,-997.19
204,-1640.66,101.08,-992.12
205,-1640.31,100.94,-985.91
206,-1639.79,100.81,-980.27
207,-1639.21,100.67,-974.51
208,-1638.66,100.52,-969.31
209,-1637.98,100.35,-962.78
210,-1637.35,100.19,-956.69
211,-1636.75,100.04,-950.85
212,-1636.14,99.88,-944.91
213,-1635.49,99.71,-939.25
214,-1634.83,99.51,-933.60
215,-1634.15,99.33,-927.79
216,-1633.47,99.14,-921.93
217,-1632.78,98.94,-915.95
218,-1632.06,98.74,-909.77
219,-1631.35,98.47,-903.70
220,-1630.64,98.20,-897.65
221,-1629.97,97.96,-891.81
222,-1629.29,97.71,-886.01
223,-1628.64,97.44,-880.38
224,-1628.05,97.14,-875.39
225,-1627.54,96.84,-869.90
226,-1627.41,96.56,-864.69
227,-1627.37,96.25,-859.48
228,-1627.35,95.88,-854.46
229,-1627.42,95.52,-849.45
230,-1628.03,95.19,-844.89
231,-1628.90,94.83,-840.37
232,-1629.81,94.40,-835.96
233,-1630.92,94.01,-831.99
234,-1632.42,93.66,-828.32
235,-1633.91,93.24,-824.95
236,-1635.80,92.77,-821.84
237,-1637.94,92.35,-819.00
238,-1640.20,91.87,-816.05
239,-1642.62,91.22,-812.86
240,-1645.26,90.61,-809.85
241,-1648.26,89.97,-807.43
242,-1651.45,89.30,-805.40
243,-1654.85,88.67,-803.53
244,-1658.38,88.03,-802.18
245,-1661.94,87.45,-801.08
246,-1664.96,86.99,-800.29
247,-1668.39,86.47,-800.02
248,-1671.67,86.00,-800.47
249,-1675.25,85.50,-801.14
250,-1678.59,85.04,-801.83
251,-1681.73,84.62,-802.47
252,-1685.15,84.19,-803.31
253,-1687.93,83.83,-804.50
254,-1690.39,83.47,-806.30
255,-1692.17,83.17,-808.56
256,-1693.20,82.93,-811.27
257,-1693.53,82.79,-813.78
258,-1693.81,82.81,-815.89
259,-1694.21,82.75,-818.25
260,-1694.90,82.71,-820.13
261,-1695.90,82.53,-821.43
262,-1697.14,82.29,-822.53
263,-1698.38,82.05,-823.80
264,-1699.31,81.83,-825.27
265,-1699.77,81.55,-826.98
266,-1699.88,81.36,-828.58
267,-1699.95,81.11,-830.38
268,-1700.08,80.89,-832.05
269,-1700.11,80.67,-833.74
270,-1699.91,80.39,-835.91
271,-1699.75,80.12,-837.99
272,-1699.56,79.81,-840.31
273,-1699.36,79.49,-842.69
274,-1699.00,79.22,-844.75
275,-1698.64,78.82,-846.93
276,-1698.23,78.08,-849.37
277,-1697.73,76.86,-852.45
278,-1697.34,75.64,-855.52
279,-1697.27,74.54,-858.51
280,-1697.19,73.38,-861.75
281,-1697.04,72.10,-865.35
282,-1696.85,70.73,-869.12
283,-1696.70,69.33,-873.21
284,-1696.58,67.99,-877.62
285,-1696.35,67.39,-882.19
286,-1695.86,67.52,-886.79
287,-1695.28,67.46,-891.57
288,-1694.33,67.33,-895.75
289,-1692.73,67.12,-900.53
290,-1691.17,66.89,-905.00
291,-1689.89,66.71,-908.64
292,-1688.34,66.50,-913.07
293,-1686.79,66.31,-917.67
294,-1685.38,66.28,-922.12
295,-1684.10,66.28,-926.19
296,-1682.77,66.25,-930.47
297,-1681.71,66.27,-934.56
298,-1681.10,66.38,-939.16
299,-1680.82,66.49,-943.23
300,-1680.63,66.75,-947.06
301,-1680.77,67.31,-950.99
302,-1681.56,67.89,-954.45
303,-1682.93,68.35,-957.10
304,-1684.67,68.79,-959.15
305,-1686.25,69.16,-960.89
306,-1687.42,69.44,-962.24
307,-1687.99,69.59,-962.94
308,-1688.12,69.63,-963.11
309,-1688.12,69.63,-963.11
310,-1688.12,69.63,-963.11
311,-1688.12,69.63,-963.11
312,-1688.12,69.63,-963.11
313,-1688.12,69.63,-963.11
314,-1688.12,69.63,-963.11
315,-1688.12,69.63,-963.11
316,-1688.12,69.63,-963.11
317,-1688.12,69.63,-963.11
318,-1688.12,69.63,-963.11
319,-1688.12,69.63,-963.11
