1,2099.18,-2085.72,13.54
2,2099.18,-2085.72,13.54
3,2099.18,-2085.72,13.54
4,2099.88,-2085.63,13.54
5,2101.26,-2085.51,13.54
6,2102.81,-2085.78,13.54
7,2104.42,-2086.49,13.54
8,2107.31,-2089.26,13.54
9,2110.09,-2092.43,13.54
10,2113.88,-2096.56,13.54
11,2117.62,-2100.60,13.54
12,2121.01,-2103.51,13.54
13,2125.68,-2107.14,13.53
14,2130.58,-2111.02,13.42
15,2134.83,-2114.18,13.37
16,2139.26,-2117.06,13.37
17,2143.94,-2120.12,13.37
18,2148.72,-2123.31,13.36
19,2153.42,-2126.44,13.35
20,2157.92,-2129.50,13.35
21,2162.97,-2133.19,13.35
22,2167.80,-2136.77,13.35
23,2172.35,-2140.60,13.36
24,2176.06,-2144.18,13.37
25,2179.62,-2147.69,13.38
26,2183.23,-2151.26,13.38
27,2186.90,-2154.88,13.38
28,2190.62,-2158.54,13.38
29,2194.40,-2162.27,13.38
30,2197.97,-2165.78,13.38
31,2201.63,-2169.37,13.38
32,2206.07,-2173.66,13.37
33,2210.06,-2177.52,13.36
34,2214.08,-2181.42,13.36
35,2218.15,-2185.35,13.36
36,2222.25,-2189.31,13.36
37,2227.09,-2193.98,13.36
38,2231.27,-2198.01,13.36
39,2235.48,-2202.08,13.35
40,2239.31,-2205.79,13.34
41,2244.12,-2210.43,13.34
42,2247.71,-2214.01,13.33
43,2251.19,-2218.02,13.32
44,2254.29,-2221.41,13.32
45,2257.59,-2223.99,13.32
46,2262.03,-2227.17,13.31
47,2264.65,-2229.73,13.36
48,2266.89,-2233.10,13.49
49,2268.62,-2235.89,13.59
50,2270.69,-2238.61,13.70
51,2273.17,-2241.22,13.76
52,2276.51,-2244.76,13.79
53,2279.88,-2248.41,13.60
54,2282.09,-2251.29,13.36
55,2283.31,-2254.45,13.33
56,2283.25,-2257.99,13.41
57,2282.01,-2260.38,13.49
58,2280.48,-2262.66,13.53
59,2277.91,-2266.83,13.54
60,2275.65,-2270.62,13.49
61,2272.72,-2274.50,13.44
62,2269.50,-2278.50,13.44
63,2265.71,-2282.49,13.40
64,2262.22,-2286.09,13.37
65,2258.61,-2289.91,13.37
66,2254.88,-2293.92,13.37
67,2251.01,-2298.05,13.37
68,2247.41,-2301.84,13.37
69,2243.84,-2305.69,13.37
70,2239.77,-2310.18,13.37
71,2235.61,-2314.78,13.37
72,2231.32,-2319.50,13.37
73,2226.96,-2324.30,13.37
74,2222.50,-2329.20,13.37
75,2219.10,-2332.95,13.37
76,2215.01,-2337.46,13.37
77,2211.07,-2341.80,13.37
78,2207.22,-2346.03,13.36
79,2203.24,-2350.42,13.36
80,2199.93,-2354.01,13.36
81,2196.60,-2357.59,13.36
82,2192.92,-2360.90,13.36
83,2189.27,-2362.70,13.36
84,2185.66,-2363.08,13.36
85,2182.27,-2361.88,13.37
86,2179.07,-2359.65,13.37
87,2174.99,-2356.75,13.36
88,2171.03,-2354.00,13.36
89,2167.10,-2350.89,13.35
90,2162.65,-2347.25,13.34
91,2158.98,-2344.61,13.34
92,2154.21,-2341.46,13.34
93,2149.50,-2338.38,13.34
94,2145.04,-2335.48,13.34
95,2140.38,-2333.09,13.34
96,2134.83,-2330.79,13.34
97,2129.13,-2328.52,13.34
98,2124.12,-2326.49,13.35
99,2118.64,-2324.26,13.36
100,2112.99,-2321.71,13.37
101,2108.11,-2318.13,13.37
102,2105.28,-2314.52,13.37
103,2103.66,-2310.49,13.37
104,2103.30,-2306.01,13.37
105,2103.40,-2300.59,13.37
106,2103.49,-2294.47,13.38
107,2103.55,-2289.25,13.38
108,2103.63,-2284.00,13.38
109,2103.72,-2278.78,13.38
110,2104.29,-2273.49,13.37
111,2106.11,-2268.38,13.37
112,2108.80,-2264.63,13.39
113,2111.98,-2261.01,13.47
114,2115.16,-2257.46,13.53
115,2119.14,-2252.80,13.48
116,2122.62,-2248.52,13.45
117,2126.09,-2244.34,13.45
118,2129.40,-2240.05,13.42
119,2132.53,-2235.61,13.37
120,2135.05,-2231.34,13.37
121,2136.60,-2226.80,13.37
122,2136.78,-2221.71,13.37
123,2135.43,-2217.60,13.37
124,2133.19,-2214.78,13.37
125,2129.86,-2211.90,13.37
126,2127.04,-2209.44,13.37
127,2123.26,-2206.08,13.38
128,2120.13,-2203.30,13.38
129,2115.96,-2199.62,13.38
130,2112.16,-2196.27,13.38
131,2108.40,-2192.98,13.38
132,2104.40,-2189.99,13.37
133,2100.02,-2186.95,13.37
134,2095.82,-2184.06,13.38
135,2091.37,-2180.99,13.38
136,2086.95,-2178.45,13.37
137,2082.13,-2176.22,13.37
138,2076.98,-2173.94,13.37
139,2071.28,-2171.96,13.37
140,2066.32,-2171.02,13.37
141,2061.35,-2170.37,13.37
142,2056.29,-2169.81,13.37
143,2050.63,-2169.16,13.38
144,2044.91,-2168.49,13.38
145,2039.43,-2168.16,13.37
146,2033.99,-2168.02,13.37
147,2028.54,-2167.92,13.37
148,2023.04,-2167.83,13.37
149,2016.53,-2167.70,13.37
150,2010.59,-2167.57,13.37
151,2004.94,-2167.46,13.37
152,1999.00,-2167.34,13.37
153,1992.78,-2167.22,13.37
154,1987.26,-2167.11,13.37
155,1982.15,-2167.00,13.37
156,1977.09,-2166.53,13.37
157,1973.00,-2165.06,13.37
158,1969.94,-2162.80,13.37
159,1966.41,-2159.64,13.37
160,1963.77,-2156.75,13.37
161,1961.83,-2153.41,13.37
162,1960.76,-2149.27,13.37
163,1960.59,-2144.02,13.37
164,1960.56,-2138.20,13.38
165,1960.46,-2132.10,13.38
166,1960.39,-2126.99,13.38
167,1960.34,-2121.66,13.38
168,1960.28,-2116.15,13.38
169,1960.22,-2110.97,13.38
170,1960.30,-2104.65,13.38
171,1960.43,-2098.81,13.38
172,1960.56,-2092.86,13.38
173,1960.68,-2086.78,13.38
174,1960.81,-2080.66,13.38
175,1960.94,-2074.45,13.38
176,1961.07,-2068.35,13.38
177,1961.10,-2063.29,13.38
178,1960.80,-2058.13,13.37
179,1960.33,-2051.64,13.37
180,1959.97,-2046.47,13.38
181,1959.82,-2041.15,13.38
182,1959.76,-2036.12,13.38
183,1959.71,-2031.05,13.38
184,1959.65,-2025.94,13.38
185,1959.58,-2020.78,13.38
186,1959.49,-2014.71,13.38
187,1959.42,-2008.45,13.38
188,1959.46,-2002.87,13.38
189,1959.58,-1997.32,13.38
190,1959.71,-1991.97,13.38
191,1959.83,-1986.42,13.38
192,1959.97,-1980.12,13.38
193,1959.94,-1974.31,13.38
194,1959.81,-1968.90,13.44
195,1959.66,-1963.50,13.63
196,1959.48,-1957.05,13.75
197,1959.57,-1950.31,13.72
198,1959.83,-1944.90,13.52
199,1960.15,-1939.24,13.33
200,1960.48,-1933.28,13.37
201,1960.47,-1926.92,13.37
202,1960.20,-1921.66,13.37
203,1959.86,-1916.19,13.38
204,1959.47,-1909.31,13.38
205,1959.39,-1903.83,13.37
206,1959.38,-1898.00,13.38
207,1959.39,-1890.99,13.38
208,1959.60,-1885.83,13.38
209,1959.91,-1880.58,13.37
210,1960.27,-1875.07,13.38
211,1960.64,-1869.56,13.38
212,1960.99,-1864.26,13.38
213,1961.36,-1858.51,13.38
214,1961.74,-1851.85,13.38
215,1962.06,-1846.29,13.38
216,1962.39,-1840.73,13.38
217,1962.71,-1835.16,13.38
218,1963.03,-1829.58,13.38
219,1963.35,-1824.03,13.38
220,1963.55,-1818.22,13.38
221,1963.67,-1811.50,13.38
222,1963.76,-1805.90,13.38
223,1963.82,-1800.66,13.38
224,1963.80,-1794.20,13.38
225,1963.76,-1787.70,13.37
226,1963.72,-1782.40,13.37
227,1963.63,-1777.20,13.36
228,1963.14,-1772.67,13.37
229,1962.31,-1768.00,13.37
230,1960.96,-1763.59,13.37
231,1959.26,-1759.42,13.37
232,1956.91,-1756.17,13.37
233,1953.35,-1753.77,13.37
234,1949.61,-1752.82,13.37
235,1944.65,-1751.88,13.38
236,1940.50,-1751.47,13.38
237,1934.90,-1751.31,13.38
238,1928.73,-1751.20,13.38
239,1923.69,-1751.10,13.38
240,1918.42,-1751.25,13.38
241,1912.81,-1751.49,13.38
242,1907.64,-1751.73,13.38
243,1901.99,-1751.67,13.37
244,1896.22,-1751.40,13.37
245,1889.96,-1751.09,13.38
246,1884.28,-1750.88,13.38
247,1877.87,-1751.12,13.37
248,1871.27,-1751.47,13.38
249,1866.21,-1751.73,13.38
250,1860.86,-1751.99,13.37
251,1855.49,-1752.17,13.37
252,1849.78,-1752.34,13.37
253,1845.36,-1752.48,13.37
254,1841.08,-1752.61,13.37
255,1836.93,-1752.58,13.37
256,1832.36,-1751.47,13.37
257,1828.14,-1748.03,13.37
258,1825.91,-1744.64,13.37
259,1823.74,-1741.41,13.37
260,1821.03,-1738.53,13.37
261,1816.92,-1736.13,13.37
262,1813.04,-1735.30,13.37
263,1807.60,-1734.73,13.38
264,1801.89,-1734.13,13.38
265,1797.43,-1733.72,13.38
266,1791.09,-1733.76,13.38
267,1785.68,-1733.87,13.38
268,1780.02,-1733.97,13.38
269,1774.68,-1734.07,13.38
270,1768.73,-1734.37,13.37
271,1762.70,-1734.70,13.38
272,1756.74,-1735.03,13.38
273,1750.50,-1735.49,13.38
274,1744.59,-1736.05,13.38
275,1738.22,-1736.09,13.38
276,1732.86,-1735.24,13.37
277,1727.64,-1734.01,13.37
278,1722.70,-1732.73,13.38
279,1717.67,-1731.45,13.37
280,1712.75,-1730.23,13.37
281,1707.77,-1729.23,13.38
282,1702.10,-1728.78,13.37
283,1697.02,-1729.08,13.37
284,1691.62,-1729.77,13.37
285,1686.18,-1730.63,13.38
286,1680.65,-1731.48,13.39
287,1675.10,-1732.31,13.37
288,1669.51,-1733.13,13.37
289,1664.36,-1733.88,13.37
290,1657.61,-1734.31,13.37
291,1651.82,-1734.14,13.37
292,1645.99,-1733.80,13.37
293,1640.22,-1733.45,13.37
294,1635.10,-1733.34,13.37
295,1628.84,-1733.35,13.37
296,1622.80,-1733.39,13.37
297,1616.74,-1733.41,13.38
298,1610.63,-1733.43,13.38
299,1605.11,-1733.43,13.38
300,1598.90,-1733.45,13.38
301,1593.04,-1733.46,13.38
302,1586.76,-1733.48,13.38
303,1580.43,-1733.50,13.38
304,1575.27,-1733.52,13.38
305,1569.28,-1733.46,13.37
306,1562.56,-1733.31,13.37
307,1556.07,-1733.15,13.38
308,1549.51,-1732.98,13.38
309,1543.29,-1732.90,13.38
310,1536.68,-1732.86,13.37
311,1530.01,-1732.83,13.37
312,1523.32,-1732.80,13.37
313,1516.52,-1732.76,13.38
314,1509.74,-1732.72,13.38
315,1502.89,-1732.69,13.38
316,1496.04,-1732.65,13.38
317,1489.16,-1732.61,13.38
318,1482.21,-1732.58,13.38
319,1475.61,-1732.54,13.38
320,1468.75,-1732.51,13.37
321,1462.68,-1732.48,13.37
322,1456.38,-1732.44,13.37
323,1449.50,-1732.41,13.37
324,1442.76,-1732.37,13.38
325,1436.15,-1732.34,13.37
326,1429.94,-1732.31,13.37
327,1423.51,-1732.27,13.37
328,1416.60,-1732.24,13.37
329,1409.63,-1732.20,13.38
330,1402.64,-1732.16,13.38
331,1395.60,-1732.13,13.38
332,1388.37,-1732.09,13.38
333,1382.26,-1732.06,13.37
334,1375.07,-1732.02,13.37
335,1368.62,-1731.99,13.37
336,1362.86,-1731.96,13.37
337,1357.47,-1731.93,13.36
338,1351.27,-1731.89,13.36
339,1345.97,-1731.87,13.37
340,1340.34,-1731.84,13.37
341,1334.60,-1731.72,13.37
342,1329.12,-1731.14,13.37
343,1323.35,-1730.32,13.37
344,1317.67,-1728.73,13.37
345,1313.04,-1726.15,13.37
346,1309.36,-1722.40,13.37
347,1307.15,-1716.98,13.44
348,1307.23,-1712.17,13.45
349,1308.21,-1706.81,13.42
350,1309.47,-1701.36,13.37
351,1310.00,-1696.79,13.37
352,1310.30,-1690.98,13.38
353,1310.45,-1684.83,13.38
354,1310.54,-1679.13,13.38
355,1310.63,-1673.27,13.38
356,1310.74,-1667.27,13.38
357,1310.84,-1661.13,13.38
358,1310.95,-1654.86,13.38
359,1311.05,-1648.40,13.38
360,1311.16,-1641.84,13.38
361,1311.25,-1636.84,13.38
362,1311.33,-1631.73,13.38
363,1311.42,-1626.57,13.38
364,1311.50,-1621.33,13.38
365,1311.59,-1616.02,13.38
366,1311.68,-1610.58,13.38
367,1311.77,-1605.14,13.38
368,1311.86,-1599.65,13.37
369,1311.96,-1594.11,13.38
370,1312.05,-1588.28,13.38
371,1312.17,-1582.25,13.37
372,1312.29,-1576.51,13.38
373,1312.41,-1570.75,13.38
374,1312.58,-1564.54,13.37
375,1313.30,-1558.32,13.37
376,1314.97,-1551.93,13.37
377,1316.79,-1546.80,13.37
378,1318.98,-1541.26,13.37
379,1320.98,-1536.19,13.37
380,1323.05,-1531.03,13.37
381,1325.41,-1525.85,13.37
382,1327.92,-1520.59,13.39
383,1330.61,-1515.04,13.38
384,1333.35,-1509.46,13.37
385,1336.10,-1503.83,13.37
386,1339.15,-1497.54,13.37
387,1341.59,-1492.14,13.37
388,1343.96,-1486.32,13.38
389,1346.53,-1479.44,13.38
390,1348.25,-1473.08,13.37
391,1349.04,-1467.84,13.37
392,1349.58,-1461.61,13.37
393,1349.91,-1455.08,13.37
394,1350.32,-1448.53,13.46
395,1350.75,-1441.95,13.46
396,1351.14,-1435.45,13.45
397,1351.46,-1429.83,13.45
398,1351.85,-1424.01,13.45
399,1352.35,-1417.29,13.45
400,1352.87,-1410.28,13.35
401,1353.32,-1404.39,13.30
402,1354.09,-1397.98,13.30
403,1355.14,-1390.81,13.42
404,1356.08,-1384.46,13.51
405,1356.66,-1378.35,13.49
406,1356.98,-1371.93,13.44
407,1357.16,-1364.87,13.39
408,1357.33,-1357.86,13.37
409,1357.53,-1350.55,13.37
410,1357.75,-1343.48,13.38
411,1357.97,-1336.29,13.37
412,1358.15,-1329.89,13.37
413,1358.23,-1323.62,13.37
414,1358.11,-1317.00,13.37
415,1357.89,-1309.92,13.34
416,1357.67,-1302.83,13.28
417,1357.46,-1296.14,13.22
418,1357.38,-1288.66,13.21
419,1357.38,-1283.42,13.28
420,1357.39,-1278.35,13.33
421,1357.40,-1270.79,13.39
422,1357.39,-1264.27,13.38
423,1357.37,-1258.47,13.37
424,1357.37,-1252.73,13.37
425,1357.38,-1247.56,13.37
426,1357.39,-1240.70,13.38
427,1357.40,-1234.63,13.38
428,1357.40,-1228.34,13.56
429,1357.40,-1221.63,14.69
430,1357.40,-1215.17,15.96
431,1357.41,-1208.80,17.12
432,1357.42,-1202.85,18.23
433,1357.43,-1197.71,19.20
434,1357.43,-1191.89,20.28
435,1357.43,-1186.32,21.28
436,1357.43,-1181.20,22.20
437,1357.44,-1175.22,23.28
438,1357.44,-1170.06,23.94
439,1357.45,-1164.07,23.83
440,1357.46,-1158.99,23.62
441,1357.46,-1153.87,23.64
442,1357.47,-1148.71,23.66
443,1357.49,-1143.10,23.65
444,1357.88,-1136.96,23.65
445,1358.34,-1131.69,23.65
446,1358.82,-1126.32,23.66
447,1359.31,-1120.89,23.69
448,1359.90,-1114.67,23.71
449,1360.67,-1109.39,23.77
450,1361.53,-1104.02,23.84
451,1362.38,-1098.85,23.92
452,1363.23,-1093.66,24.12
453,1364.11,-1088.21,24.42
454,1364.93,-1083.12,24.71
455,1365.83,-1076.60,25.32
456,1366.31,-1069.99,25.93
457,1366.37,-1064.84,26.30
458,1365.50,-1058.88,26.64
459,1363.39,-1052.91,26.67
460,1360.41,-1048.34,26.71
461,1356.67,-1043.48,26.38
462,1353.24,-1039.85,26.13
463,1347.97,-1036.41,26.31
464,1343.14,-1035.03,26.55
465,1337.68,-1035.17,27.20
466,1332.28,-1035.89,27.89
467,1326.85,-1036.25,28.47
468,1321.65,-1035.93,29.01
469,1315.99,-1035.48,29.55
470,1310.50,-1035.60,30.06
471,1305.22,-1035.94,30.47
472,1300.58,-1036.24,30.71
473,1294.96,-1036.32,31.01
474,1289.33,-1036.32,31.28
475,1284.21,-1036.32,31.38
476,1279.48,-1036.48,31.44
477,1274.78,-1036.65,31.56
478,1271.04,-1036.42,31.68
479,1268.11,-1035.55,31.82
480,1266.04,-1034.08,31.96
481,1264.13,-1031.27,32.03
482,1263.05,-1028.27,32.16
483,1261.91,-1025.04,32.43
484,1260.80,-1021.76,32.75
485,1260.36,-1018.13,33.10
486,1260.51,-1014.48,33.45
487,1260.68,-1009.95,33.88
488,1260.74,-1006.97,34.16
489,1261.10,-1003.52,34.49
490,1261.57,-1000.20,34.85
491,1262.21,-995.70,35.39
492,1262.59,-991.88,35.84
493,1262.60,-987.17,36.40
494,1262.60,-981.88,37.04
495,1262.62,-977.87,37.52
496,1262.65,-973.04,38.10
497,1262.68,-968.75,38.72
498,1262.71,-965.71,39.21
499,1262.74,-962.55,39.72
500,1262.58,-959.85,40.16
501,1262.37,-957.05,40.61
502,1262.12,-953.54,41.18
503,1261.73,-950.05,41.76
504,1260.80,-946.99,42.24
505,1259.40,-943.14,42.47
506,1257.38,-939.58,42.44
507,1254.77,-937.05,42.50
508,1252.02,-935.74,42.54
509,1247.51,-934.54,42.55
510,1243.37,-933.60,42.53
511,1239.42,-932.89,42.51
512,1234.86,-932.27,42.50
513,1230.34,-932.46,42.53
514,1224.28,-933.64,42.59
515,1219.24,-934.70,42.63
516,1213.96,-935.76,42.68
517,1208.45,-936.86,42.72
518,1202.84,-938.00,42.74
519,1197.43,-939.10,42.74
520,1191.09,-940.37,42.75
521,1185.27,-941.51,42.75
522,1180.17,-942.65,42.76
523,1174.17,-944.67,42.79
524,1168.78,-946.72,42.85
525,1163.48,-948.49,42.95
526,1157.98,-949.61,42.99
527,1152.54,-950.03,42.83
528,1146.19,-950.16,42.68
529,1140.08,-950.31,42.60
530,1133.99,-950.28,42.58
531,1128.63,-950.12,42.60
532,1123.22,-949.92,42.60
533,1117.69,-949.72,42.61
534,1111.97,-949.53,42.62
535,1106.41,-949.36,42.63
536,1100.80,-949.19,42.63
537,1095.33,-949.00,42.62
538,1089.24,-948.98,42.60
539,1083.76,-949.32,42.59
540,1077.96,-949.79,42.61
541,1072.13,-950.30,42.69
542,1066.25,-950.83,42.76
543,1060.42,-951.73,42.74
544,1055.01,-952.79,42.70
545,1049.04,-954.04,42.65
546,1043.63,-955.21,42.61
547,1037.90,-956.43,42.54
548,1032.00,-957.67,42.44
549,1025.96,-958.93,42.33
550,1020.79,-960.00,42.24
551,1015.66,-961.06,42.05
552,1009.22,-962.34,41.69
553,1003.58,-963.03,41.39
554,997.73,-963.27,41.04
555,992.65,-963.32,40.54
556,986.71,-963.37,39.93
557,981.76,-963.51,39.66
558,975.68,-963.67,39.51
559,970.34,-963.74,39.31
560,965.16,-963.80,39.08
561,959.86,-963.92,38.88
562,955.40,-964.09,38.82
563,951.39,-964.22,38.78
564,947.36,-964.24,38.73
565,942.00,-964.09,38.57
566,938.06,-963.89,38.39
567,934.27,-963.63,38.31
568,930.76,-963.44,38.32
569,926.10,-963.63,38.36
570,922.06,-964.06,38.35
571,917.51,-964.50,38.33
572,913.86,-964.76,38.29
573,909.26,-965.03,38.22
574,905.56,-965.20,38.07
575,901.29,-965.44,37.79
576,896.61,-966.39,37.45
577,892.17,-968.62,37.15
578,888.41,-970.94,36.92
579,885.44,-972.79,36.76
580,882.45,-975.68,36.63
581,880.08,-978.44,36.47
582,877.30,-981.84,36.10
583,873.91,-986.04,35.48
584,870.88,-989.47,35.05
585,866.78,-994.46,34.45
586,863.42,-998.97,33.71
587,860.21,-1003.25,32.71
588,856.60,-1007.93,31.38
589,852.98,-1012.29,30.04
590,849.72,-1016.10,29.04
591,845.72,-1020.12,27.86
592,841.10,-1024.30,26.69
593,837.30,-1027.53,26.08
594,832.73,-1031.20,25.36
595,827.81,-1035.01,24.94
596,823.43,-1038.02,24.95
597,817.88,-1041.04,24.96
598,812.05,-1043.93,24.94
599,806.75,-1045.76,24.92
600,800.49,-1046.36,24.90
601,794.34,-1046.09,24.80
602,789.25,-1046.10,24.70
603,782.75,-1047.04,24.54
604,777.73,-1048.47,24.42
605,772.69,-1050.38,24.30
606,767.60,-1052.73,24.18
607,762.58,-1055.22,24.13
608,757.60,-1058.45,24.02
609,752.90,-1062.01,23.69
610,748.88,-1065.83,23.49
611,745.28,-1069.79,23.26
612,741.52,-1074.07,22.75
613,738.08,-1077.91,22.24
614,733.69,-1082.95,21.62
615,730.44,-1087.59,21.08
616,727.25,-1092.67,20.52
617,724.44,-1097.17,20.03
618,721.03,-1102.49,19.45
619,717.52,-1107.98,18.87
620,714.65,-1112.53,18.46
621,711.50,-1117.55,18.00
622,708.87,-1122.23,17.59
623,706.30,-1127.08,17.16
624,703.64,-1132.22,16.76
625,701.24,-1136.86,16.47
626,698.58,-1141.73,16.15
627,695.76,-1146.70,15.81
628,692.67,-1152.03,15.45
629,689.70,-1156.77,15.30
630,685.59,-1162.20,15.25
631,681.54,-1167.17,15.15
632,677.17,-1172.10,15.15
633,673.12,-1176.46,15.53
634,669.48,-1180.37,15.90
635,665.74,-1184.40,16.57
636,661.41,-1189.05,17.32
637,657.19,-1193.10,17.81
638,653.05,-1196.06,18.05
639,648.58,-1198.96,18.08
640,644.35,-1201.66,18.10
641,639.93,-1204.48,18.10
642,634.83,-1207.44,18.10
643,629.67,-1210.42,18.10
644,625.47,-1212.79,18.10
645,620.69,-1214.80,18.10
646,615.44,-1216.81,18.10
647,610.63,-1218.78,18.10
648,605.90,-1221.21,18.06
649,599.97,-1224.45,17.93
650,595.21,-1226.87,17.84
651,590.16,-1229.32,17.75
652,585.11,-1231.75,17.65
653,579.68,-1234.38,17.53
654,574.77,-1236.78,17.43
655,570.17,-1239.03,17.33
656,564.09,-1241.97,17.18
657,558.91,-1244.48,17.04
658,554.27,-1246.74,16.92
659,548.55,-1249.54,16.76
660,543.43,-1252.51,16.61
661,538.93,-1255.30,16.49
662,534.05,-1258.35,16.36
663,529.12,-1261.45,16.25
664,524.03,-1265.27,16.13
665,520.19,-1268.54,16.04
666,515.87,-1272.32,15.95
667,511.39,-1276.23,15.87
668,506.47,-1280.42,15.78
669,502.32,-1283.94,15.70
670,498.07,-1287.55,15.64
671,493.50,-1291.45,15.57
672,488.99,-1295.22,15.51
673,484.67,-1298.80,15.44
674,479.80,-1302.83,15.38
675,474.82,-1306.94,15.32
676,470.11,-1310.61,15.27
677,465.08,-1314.43,15.21
678,460.13,-1318.17,15.16
679,455.19,-1321.73,15.12
680,450.88,-1324.75,15.08
681,445.52,-1328.47,15.03
682,440.74,-1331.73,14.99
683,435.91,-1334.94,14.95
684,430.82,-1338.30,14.91
685,425.95,-1341.49,14.86
686,420.64,-1344.94,14.82
687,416.00,-1347.95,14.79
688,410.82,-1351.21,14.74
689,406.53,-1353.89,14.71
690,401.65,-1356.93,14.67
691,397.08,-1359.32,14.64
692,391.67,-1361.30,14.59
693,385.93,-1363.09,14.55
694,380.30,-1364.85,14.50
695,374.24,-1366.78,14.45
696,368.71,-1368.55,14.41
697,363.14,-1370.42,14.36
698,357.55,-1372.69,14.32
699,352.20,-1374.97,14.28
700,346.58,-1377.37,14.24
701,340.65,-1379.88,14.20
702,334.58,-1382.43,14.15
703,329.95,-1384.40,14.11
704,324.90,-1386.56,14.07
705,319.29,-1389.19,14.03
706,314.68,-1391.41,13.99
707,308.68,-1394.31,13.94
708,303.76,-1396.69,13.90
709,299.02,-1398.98,13.87
710,293.99,-1401.44,13.82
711,289.19,-1403.82,13.78
712,284.22,-1406.31,13.74
713,279.56,-1408.65,13.70
714,274.72,-1411.16,13.66
715,270.06,-1413.60,13.61
716,265.03,-1416.23,13.56
717,259.77,-1419.08,13.51
718,255.16,-1422.21,13.46
719,251.09,-1425.68,13.42
720,246.10,-1430.39,13.36
721,242.09,-1434.49,13.32
722,238.84,-1439.11,13.28
723,236.63,-1443.70,13.25
724,234.50,-1448.89,13.23
725,231.90,-1454.25,13.20
726,228.43,-1458.84,13.15
727,224.56,-1463.09,13.10
728,221.08,-1467.08,13.05
729,217.64,-1472.24,13.00
730,214.47,-1477.46,12.95
731,211.19,-1482.74,12.89
732,207.66,-1487.62,12.84
733,203.99,-1492.53,12.78
734,201.06,-1496.47,12.72
735,198.64,-1499.75,12.67
736,196.52,-1502.60,12.64
737,194.17,-1505.90,12.60
738,192.61,-1509.26,12.56
739,192.11,-1513.47,12.54
740,193.29,-1517.48,12.61
741,195.28,-1519.90,12.89
742,197.80,-1521.56,13.41
743,201.52,-1523.78,14.35
744,204.92,-1525.25,15.08
745,208.10,-1525.98,15.68
746,211.28,-1526.05,16.23
747,214.75,-1525.16,16.86
748,218.26,-1522.69,17.59
749,221.75,-1519.83,18.33
750,224.46,-1517.57,18.91
751,226.92,-1514.74,19.50
752,229.63,-1510.97,20.22
753,231.85,-1507.90,20.80
754,234.79,-1504.86,21.45
755,237.74,-1502.11,22.07
756,241.56,-1498.52,22.88
757,245.46,-1494.79,23.73
758,249.17,-1491.25,24.57
759,252.11,-1488.73,25.22
760,255.45,-1486.48,25.94
761,259.36,-1483.99,26.83
762,262.95,-1482.37,27.66
763,267.67,-1481.66,28.78
764,271.89,-1481.89,29.92
765,276.68,-1482.35,31.02
766,280.05,-1482.97,31.63
767,283.45,-1484.17,32.18
768,285.88,-1485.82,32.54
769,287.92,-1488.40,32.65
770,288.64,-1491.48,32.62
771,287.95,-1495.08,32.62
772,286.19,-1497.83,32.62
773,283.45,-1501.60,32.60
774,280.75,-1505.34,32.51
775,278.14,-1508.59,32.41
776,274.50,-1512.97,32.28
777,271.28,-1516.82,32.16
778,267.91,-1520.89,32.03
779,264.53,-1524.99,32.00
780,261.49,-1529.09,32.12
781,258.85,-1533.77,32.21
782,256.11,-1538.94,32.31
783,253.50,-1543.86,32.44
784,251.06,-1549.25,32.62
785,248.93,-1555.03,32.82
786,246.82,-1560.93,33.03
787,244.79,-1566.61,33.05
788,242.88,-1572.11,33.04
789,241.44,-1577.70,33.04
790,240.11,-1583.77,33.04
791,239.48,-1589.37,33.05
792,239.27,-1595.12,33.05
793,239.65,-1601.10,33.06
794,241.04,-1606.99,33.07
795,243.31,-1612.02,33.08
796,245.85,-1616.60,33.08
797,249.20,-1621.76,33.09
798,252.78,-1625.58,33.10
799,257.36,-1628.60,33.11
800,263.20,-1631.25,33.12
801,268.23,-1633.42,33.12
802,273.34,-1635.54,33.13
803,279.41,-1637.04,33.14
804,285.38,-1638.01,33.14
805,291.48,-1638.93,33.14
806,296.95,-1639.64,33.14
807,303.06,-1640.39,33.14
808,309.05,-1641.16,33.14
809,315.28,-1642.06,33.14
810,321.44,-1642.89,33.13
811,326.53,-1643.38,33.12
812,331.80,-1643.84,33.10
813,337.15,-1644.30,33.08
814,342.55,-1644.78,33.06
815,347.93,-1645.27,32.99
816,354.44,-1645.94,32.86
817,360.04,-1646.54,32.75
818,365.70,-1647.16,32.70
819,371.41,-1647.78,32.72
820,377.17,-1648.40,32.71
821,382.99,-1649.03,32.64
822,388.86,-1649.66,31.97
823,394.71,-1650.29,30.99
824,400.69,-1650.94,30.22
825,406.76,-1651.60,29.01
826,412.78,-1652.27,27.72
827,418.89,-1653.07,26.60
828,424.46,-1653.82,26.03
829,430.48,-1654.63,25.52
830,436.68,-1655.43,25.26
831,442.11,-1656.08,25.31
832,447.48,-1656.71,25.32
833,453.02,-1657.36,25.33
834,458.47,-1657.99,25.33
835,463.60,-1658.59,25.12
836,469.09,-1659.22,24.67
837,475.74,-1659.97,24.15
838,481.24,-1660.58,23.22
839,486.76,-1661.21,21.87
840,492.49,-1661.85,20.76
841,498.23,-1662.50,19.68
842,503.71,-1663.23,19.12
843,509.41,-1664.08,18.77
844,515.14,-1664.96,18.48
845,520.24,-1665.72,18.48
846,526.14,-1666.58,18.52
847,531.82,-1667.38,18.52
848,537.11,-1667.98,18.52
849,542.94,-1668.55,18.52
850,548.60,-1669.10,18.52
851,555.92,-1669.74,18.42
852,562.58,-1670.19,18.13
853,569.58,-1670.64,17.83
854,575.77,-1671.03,17.37
855,581.30,-1671.38,16.88
856,586.40,-1671.71,16.49
857,591.98,-1672.07,16.25
858,597.83,-1672.51,16.01
859,602.44,-1673.02,15.90
860,606.18,-1673.48,15.92
861,610.57,-1673.99,15.93
862,616.01,-1674.58,15.95
863,620.84,-1674.76,15.84
864,626.07,-1674.73,15.48
865,631.51,-1674.68,15.33
866,637.31,-1674.41,15.12
867,642.82,-1673.90,14.90
868,648.63,-1673.34,14.65
869,654.11,-1673.23,14.36
870,659.98,-1673.51,14.01
871,666.15,-1673.87,13.66
872,671.74,-1674.10,13.20
873,677.99,-1674.17,12.52
874,683.28,-1674.20,11.99
875,688.71,-1674.23,11.68
876,694.23,-1674.27,11.46
877,699.83,-1674.32,11.21
878,707.07,-1674.38,10.88
879,712.86,-1674.43,10.62
880,718.71,-1674.47,10.48
881,724.63,-1674.51,10.50
882,730.56,-1674.56,10.50
883,735.83,-1674.60,10.48
884,741.46,-1674.65,10.47
885,747.75,-1674.70,10.75
886,752.94,-1674.74,11.37
887,757.96,-1674.79,11.93
888,763.00,-1674.82,12.40
889,769.12,-1674.85,12.79
890,773.87,-1674.89,13.11
891,777.00,-1674.91,13.21
892,780.48,-1674.93,13.24
893,784.55,-1674.95,13.27
894,788.18,-1674.96,13.29
895,792.05,-1674.98,13.32
896,796.11,-1675.44,13.35
897,799.63,-1676.93,13.36
898,802.53,-1678.69,13.37
899,805.92,-1680.74,13.38
900,809.44,-1682.81,13.37
901,812.60,-1684.67,13.37
902,816.36,-1686.91,13.44
903,817.28,-1688.05,13.50
904,817.52,-1688.32,13.50
905,817.53,-1688.31,13.51
906,817.54,-1688.30,13.51
907,817.51,-1688.28,13.51
908,817.14,-1688.07,13.49
909,816.52,-1687.63,13.50
910,816.55,-1687.62,13.50
911,817.21,-1688.11,13.50
912,817.55,-1688.47,13.52
913,817.55,-1688.46,13.52
914,817.55,-1688.46,13.52
915,817.55,-1688.46,13.52
916,817.52,-1688.43,13.53
917,817.08,-1688.23,13.49
918,816.33,-1687.80,13.50
919,815.80,-1687.23,13.46
920,815.46,-1686.80,13.47
921,815.28,-1686.61,13.47
922,815.20,-1686.56,13.47
923,815.20,-1686.56,13.47
924,815.20,-1686.56,13.47
925,815.20,-1686.56,13.47
926,815.20,-1686.56,13.47
927,815.20,-1686.56,13.47
928,815.20,-1686.56,13.47
929,815.20,-1686.56,13.47
930,815.20,-1686.56,13.47
931,815.20,-1686.56,13.47
932,815.26,-1686.64,13.47
933,815.68,-1687.42,13.47
934,816.29,-1689.41,13.51
935,816.31,-1692.37,13.50
936,815.92,-1695.08,13.50
937,815.41,-1698.70,13.45
938,814.84,-1702.40,13.45
939,813.71,-1706.18,13.41
940,812.14,-1711.00,13.37
941,811.17,-1715.13,13.38
942,810.94,-1719.54,13.37
943,810.89,-1725.48,13.38
944,810.82,-1730.50,13.38
945,810.76,-1735.88,13.38
946,811.03,-1741.73,13.37
947,811.35,-1747.76,13.37
948,811.70,-1753.89,13.38
949,812.64,-1758.62,13.38
950,814.38,-1762.29,13.38
951,816.96,-1765.10,13.38
952,820.25,-1767.45,13.39
953,823.25,-1769.20,13.39
954,826.15,-1770.03,13.38
955,829.03,-1769.88,13.38
956,833.13,-1769.36,13.38
957,836.82,-1769.22,13.38
958,840.55,-1769.93,13.38
959,843.95,-1771.52,13.38
960,848.54,-1774.05,13.40
961,852.44,-1775.97,13.58
962,857.84,-1777.56,13.80
963,862.46,-1778.73,13.83
964,867.50,-1779.86,13.76
965,872.81,-1780.94,13.71
966,878.32,-1781.89,13.61
967,883.94,-1782.82,13.55
968,889.71,-1783.94,13.51
969,895.61,-1785.13,13.47
970,901.67,-1786.31,13.42
971,907.89,-1787.46,13.38
972,914.25,-1788.67,13.37
973,920.53,-1789.89,13.37
974,926.18,-1790.85,13.38
975,931.15,-1791.54,13.49
976,936.41,-1792.22,13.65
977,942.24,-1792.97,13.81
978,947.57,-1793.67,13.96
979,952.83,-1794.43,14.09
980,957.80,-1795.28,14.13
981,963.17,-1796.24,14.10
982,968.41,-1797.17,14.09
983,974.19,-1798.40,14.08
984,979.13,-1799.73,14.07
985,984.35,-1801.23,14.06
986,989.45,-1802.70,14.06
987,994.67,-1804.44,14.05
988,1000.39,-1806.74,14.04
989,1006.51,-1809.29,14.04
990,1012.29,-1811.70,14.04
991,1017.89,-1814.21,13.98
992,1022.60,-1817.30,13.87
993,1027.01,-1820.77,13.77
994,1031.55,-1824.37,13.72
995,1035.55,-1827.51,13.63
996,1039.74,-1830.68,13.55
997,1044.02,-1833.69,13.49
998,1048.43,-1836.64,13.46
999,1053.14,-1839.76,13.54
1000,1057.44,-1842.58,13.52
1001,1061.63,-1845.33,13.44
1002,1066.12,-1847.81,13.39
1003,1071.03,-1849.49,13.38
1004,1077.15,-1850.31,13.38
1005,1083.25,-1850.71,13.38
1006,1089.49,-1851.13,13.37
1007,1095.08,-1851.54,13.38
1008,1100.67,-1851.51,13.37
1009,1106.74,-1851.10,13.37
1010,1111.78,-1850.71,13.38
1011,1116.91,-1850.33,13.38
1012,1122.57,-1849.98,13.38
1013,1128.27,-1849.90,13.37
1014,1133.65,-1849.88,13.38
1015,1139.10,-1849.87,13.38
1016,1144.41,-1849.84,13.38
1017,1149.61,-1849.81,13.38
1018,1154.93,-1849.83,13.38
1019,1160.79,-1849.92,13.39
1020,1166.44,-1850.02,13.39
1021,1171.53,-1850.11,13.39
1022,1177.25,-1850.24,13.39
1023,1183.10,-1850.39,13.39
1024,1189.01,-1850.54,13.39
1025,1194.06,-1850.67,13.39
1026,1200.87,-1850.84,13.38
1027,1206.91,-1850.99,13.37
1028,1213.00,-1851.15,13.37
1029,1218.66,-1851.29,13.38
1030,1224.28,-1851.35,13.37
1031,1229.85,-1851.36,13.37
1032,1236.11,-1851.36,13.37
1033,1242.42,-1851.35,13.37
1034,1248.78,-1851.35,13.38
1035,1255.19,-1851.35,13.38
1036,1261.52,-1851.35,13.38
1037,1267.58,-1851.35,13.37
1038,1273.74,-1851.36,13.38
1039,1280.23,-1851.38,13.38
1040,1286.19,-1851.45,13.38
1041,1292.68,-1851.73,13.38
1042,1299.08,-1852.07,13.37
1043,1304.89,-1852.55,13.37
1044,1310.30,-1853.40,13.37
1045,1316.82,-1854.72,13.37
1046,1321.78,-1855.78,13.37
1047,1327.82,-1857.04,13.37
1048,1333.92,-1858.61,13.41
1049,1340.02,-1860.77,13.39
1050,1345.83,-1863.04,13.37
1051,1351.89,-1865.39,13.37
1052,1358.09,-1867.54,13.37
1053,1363.95,-1868.88,13.37
1054,1368.87,-1869.83,13.37
1055,1375.00,-1870.80,13.37
1056,1381.20,-1871.23,13.37
1057,1386.42,-1871.49,13.37
1058,1391.71,-1871.75,13.38
1059,1397.08,-1872.02,13.38
1060,1402.50,-1872.30,13.38
1061,1408.53,-1872.57,13.37
1062,1413.56,-1872.58,13.37
1063,1419.15,-1872.51,13.37
1064,1424.71,-1872.43,13.37
1065,1429.96,-1872.36,13.37
1066,1435.37,-1872.21,13.37
1067,1440.71,-1872.00,13.37
1068,1446.32,-1871.76,13.38
1069,1451.80,-1871.52,13.38
1070,1457.36,-1871.29,13.37
1071,1462.82,-1871.09,13.37
1072,1467.86,-1870.90,13.38
1073,1473.59,-1870.76,13.37
1074,1479.32,-1870.76,13.37
1075,1485.28,-1870.80,13.37
1076,1491.31,-1870.84,13.38
1077,1497.36,-1870.88,13.38
1078,1503.45,-1870.91,13.38
1079,1509.60,-1870.95,13.38
1080,1515.80,-1870.98,13.38
1081,1522.05,-1871.02,13.38
1082,1528.32,-1871.06,13.38
1083,1534.66,-1871.10,13.38
1084,1541.10,-1871.13,13.38
1085,1547.51,-1871.17,13.38
1086,1553.96,-1871.21,13.38
1087,1560.45,-1871.25,13.38
1088,1566.99,-1871.29,13.38
1089,1573.56,-1871.33,13.38
1090,1580.17,-1871.36,13.38
1091,1586.83,-1871.40,13.38
1092,1593.53,-1871.44,13.38
1093,1600.27,-1871.48,13.38
1094,1607.14,-1871.52,13.38
1095,1613.81,-1871.56,13.37
1096,1620.33,-1871.60,13.37
1097,1626.73,-1871.64,13.37
1098,1633.08,-1871.68,13.37
1099,1639.27,-1871.71,13.37
1100,1644.52,-1871.74,13.37
1101,1650.76,-1871.70,13.37
1102,1656.54,-1871.53,13.37
1103,1662.52,-1870.38,13.37
1104,1668.17,-1868.02,13.37
1105,1673.10,-1865.59,13.37
1106,1677.39,-1862.96,13.37
1107,1681.52,-1858.95,13.37
1108,1684.41,-1854.78,13.37
1109,1686.73,-1850.72,13.37
1110,1688.51,-1845.69,13.37
1111,1689.28,-1840.37,13.37
1112,1689.82,-1835.25,13.38
1113,1690.44,-1830.03,13.37
1114,1691.57,-1825.62,13.37
1115,1693.78,-1821.46,13.37
1116,1696.93,-1817.54,13.43
1117,1699.92,-1814.34,13.39
1118,1703.34,-1811.81,13.35
1119,1707.29,-1810.34,13.35
1120,1711.41,-1810.07,13.35
1121,1716.98,-1810.23,13.35
1122,1722.54,-1810.59,13.35
1123,1726.99,-1811.71,13.35
1124,1731.71,-1813.70,13.35
1125,1736.54,-1815.90,13.36
1126,1740.96,-1817.79,13.36
1127,1746.11,-1819.36,13.37
1128,1751.66,-1820.88,13.37
1129,1757.35,-1822.45,13.38
1130,1762.84,-1823.86,13.38
1131,1768.38,-1824.98,13.37
1132,1774.58,-1826.16,13.38
1133,1780.67,-1827.32,13.38
1134,1786.24,-1828.40,13.38
1135,1792.22,-1829.56,13.38
1136,1797.71,-1830.62,13.37
1137,1802.25,-1831.50,13.37
1138,1805.50,-1832.25,13.37
1139,1809.59,-1833.21,13.37
1140,1812.70,-1834.01,13.39
1141,1816.05,-1835.57,13.40
1142,1818.19,-1837.58,13.40
1143,1819.51,-1840.47,13.40
1144,1820.84,-1844.56,13.41
1145,1822.36,-1849.18,13.41
1146,1822.96,-1852.80,13.40
1147,1822.77,-1856.21,13.40
1148,1822.42,-1860.55,13.41
1149,1822.07,-1865.55,13.41
1150,1821.74,-1870.90,13.39
1151,1821.50,-1875.04,13.36
1152,1821.64,-1879.59,13.34
1153,1821.90,-1884.39,13.34
1154,1822.23,-1890.16,13.34
1155,1822.56,-1896.35,13.36
1156,1822.83,-1901.53,13.36
1157,1823.11,-1906.59,13.37
1158,1823.44,-1912.61,13.38
1159,1823.75,-1917.22,13.38
1160,1824.81,-1921.93,13.37
1161,1827.64,-1926.64,13.37
1162,1831.37,-1929.57,13.38
1163,1834.99,-1930.95,13.36
1164,1839.37,-1931.68,13.37
1165,1845.04,-1932.49,13.37
1166,1850.27,-1933.26,13.37
1167,1854.75,-1933.48,13.37
1168,1860.05,-1933.37,13.37
1169,1865.65,-1933.21,13.37
1170,1870.93,-1933.26,13.37
1171,1876.27,-1933.48,13.37
1172,1882.22,-1933.74,13.37
1173,1888.31,-1933.99,13.37
1174,1894.02,-1934.21,13.37
1175,1899.87,-1934.34,13.37
1176,1905.12,-1934.15,13.37
1177,1910.43,-1933.90,13.37
1178,1916.65,-1933.60,13.37
1179,1922.05,-1933.35,13.37
1180,1928.31,-1933.07,13.37
1181,1934.12,-1932.81,13.37
1182,1939.29,-1932.68,13.37
1183,1943.21,-1932.67,13.37
1184,1946.54,-1932.72,13.37
1185,1949.95,-1933.49,13.37
1186,1952.60,-1935.14,13.37
1187,1954.79,-1936.96,13.37
1188,1957.38,-1939.26,13.37
1189,1959.24,-1941.53,13.38
1190,1960.43,-1944.31,13.45
1191,1960.87,-1947.45,13.59
1192,1961.32,-1950.82,13.71
1193,1961.50,-1954.08,13.74
1194,1960.97,-1957.42,13.74
1195,1960.11,-1962.18,13.69
1196,1959.78,-1966.14,13.56
1197,1959.63,-1970.41,13.41
1198,1959.44,-1975.92,13.37
1199,1959.22,-1981.75,13.38
1200,1959.29,-1986.52,13.37
1201,1959.38,-1990.78,13.38
1202,1959.42,-1995.30,13.38
1203,1959.29,-2001.39,13.38
1204,1959.18,-2006.21,13.37
1205,1959.07,-2011.25,13.38
1206,1958.94,-2017.50,13.38
1207,1958.84,-2022.36,13.38
1208,1958.72,-2027.92,13.38
1209,1958.60,-2033.27,13.38
1210,1958.49,-2038.34,13.38
1211,1958.37,-2044.21,13.38
1212,1958.24,-2050.18,13.38
1213,1958.12,-2055.71,13.38
1214,1958.29,-2062.16,13.38
1215,1958.65,-2067.58,13.37
1216,1959.02,-2073.57,13.37
1217,1959.23,-2078.79,13.37
1218,1959.38,-2083.04,13.37
1219,1959.52,-2086.92,13.37
1220,1959.72,-2092.11,13.38
1221,1959.90,-2095.61,13.38
1222,1960.48,-2098.85,13.37
1223,1961.96,-2102.65,13.37
1224,1964.56,-2106.55,13.37
1225,1966.73,-2108.67,13.37
1226,1969.16,-2109.94,13.37
1227,1971.43,-2110.36,13.37
1228,1973.84,-2110.69,13.37
1229,1977.38,-2111.32,13.36
1230,1980.34,-2111.79,13.35
1231,1984.00,-2112.04,13.34
1232,1989.03,-2112.37,13.33
1233,1993.82,-2112.45,13.33
1234,1999.34,-2112.06,13.35
1235,2003.74,-2111.71,13.38
1236,2008.16,-2111.60,13.39
1237,2014.25,-2111.66,13.39
1238,2019.63,-2111.73,13.37
1239,2025.23,-2111.77,13.35
1240,2029.89,-2111.80,13.34
1241,2034.67,-2111.87,13.34
1242,2040.34,-2111.95,13.36
1243,2045.17,-2111.97,13.37
1244,2051.54,-2111.97,13.38
1245,2057.32,-2111.86,13.36
1246,2062.53,-2111.75,13.34
1247,2066.87,-2111.39,13.34
1248,2072.06,-2110.48,13.36
1249,2076.64,-2109.20,13.36
1250,2080.54,-2106.94,13.35
1251,2083.81,-2104.62,13.39
1252,2087.65,-2101.91,13.51
1253,2090.88,-2099.94,13.54
1254,2094.48,-2097.78,13.54
1255,2097.78,-2096.08,13.54
1256,2102.55,-2093.81,13.54
1257,2105.80,-2092.38,13.54
1258,2109.63,-2090.77,13.54
1259,2112.64,-2089.62,13.54
1260,2115.48,-2089.20,13.54
1261,2118.38,-2088.83,13.54
1262,2120.92,-2088.32,13.54
1263,2123.17,-2087.33,13.54

1,2091.73,-2090.86,13.53
2,2091.73,-2090.86,13.53
3,2091.73,-2090.86,13.53
4,2091.74,-2090.84,13.53
5,2091.99,-2090.36,13.54
6,2092.50,-2089.68,13.54
7,2093.11,-2089.03,13.54
8,2093.95,-2088.32,13.54
9,2095.20,-2087.51,13.54
10,2097.26,-2086.78,13.54
11,2099.33,-2086.67,13.54
12,2102.05,-2087.38,13.54
13,2105.43,-2090.16,13.54
14,2106.86,-2094.41,13.53
15,2107.24,-2098.31,13.54
16,2107.24,-2101.81,13.54
17,2106.34,-2104.71,13.50
18,2104.65,-2107.24,13.40
19,2102.24,-2108.86,13.29
20,2098.93,-2109.54,13.31
21,2094.78,-2110.03,13.32
22,2090.30,-2110.60,13.33
23,2086.33,-2110.58,13.34
24,2081.02,-2110.30,13.35
25,2075.13,-2109.99,13.36
26,2068.87,-2109.70,13.37
27,2063.39,-2109.44,13.37
28,2057.88,-2109.15,13.37
29,2052.22,-2108.86,13.35
30,2046.40,-2108.56,13.35
31,2040.61,-2108.29,13.35
32,2035.09,-2108.40,13.37
33,2029.22,-2108.74,13.38
34,2022.88,-2109.13,13.39
35,2016.36,-2109.51,13.40
36,2009.74,-2109.90,13.40
37,2004.54,-2110.19,13.39
38,1999.07,-2110.25,13.38
39,1993.05,-2110.24,13.36
40,1987.90,-2110.22,13.35
41,1982.54,-2110.20,13.35
42,1977.25,-2110.14,13.35
43,1973.11,-2109.45,13.36
44,1968.84,-2107.40,13.37
45,1965.89,-2104.22,13.37
46,1963.94,-2099.84,13.37
47,1962.24,-2094.90,13.38
48,1961.14,-2090.74,13.38
49,1960.86,-2086.75,13.37
50,1961.08,-2081.37,13.37
51,1961.36,-2076.23,13.38
52,1961.16,-2071.13,13.38
53,1960.80,-2065.69,13.38
54,1960.56,-2060.38,13.38
55,1960.39,-2054.72,13.38
56,1960.32,-2048.93,13.38
57,1960.46,-2042.67,13.38
58,1960.61,-2036.71,13.38
59,1960.77,-2030.65,13.38
60,1960.92,-2024.49,13.38
61,1961.08,-2018.18,13.38
62,1961.24,-2011.81,13.38
63,1961.40,-2005.39,13.38
64,1961.56,-1998.78,13.38
65,1961.73,-1992.19,13.38
66,1961.90,-1985.53,13.38
67,1962.02,-1980.48,13.38
68,1962.15,-1975.32,13.38
69,1962.28,-1970.20,13.41
70,1962.41,-1965.06,13.57
71,1962.54,-1959.89,13.73
72,1962.70,-1953.64,13.74
73,1962.79,-1948.18,13.66
74,1962.81,-1943.08,13.42
75,1962.83,-1937.73,13.34
76,1962.85,-1932.34,13.37
77,1962.87,-1926.92,13.38
78,1962.90,-1921.48,13.38
79,1962.92,-1916.06,13.38
80,1962.95,-1910.62,13.38
81,1962.97,-1905.17,13.38
82,1962.99,-1899.72,13.38
83,1963.02,-1894.27,13.38
84,1963.04,-1888.81,13.38
85,1963.07,-1883.33,13.38
86,1963.09,-1878.27,13.38
87,1962.99,-1871.78,13.38
88,1962.85,-1866.29,13.38
89,1962.69,-1860.77,13.38
90,1962.52,-1855.26,13.38
91,1962.37,-1849.56,13.38
92,1962.38,-1843.79,13.38
93,1962.45,-1838.25,13.38
94,1962.54,-1832.70,13.38
95,1962.62,-1827.16,13.38
96,1962.70,-1821.60,13.38
97,1962.77,-1815.35,13.38
98,1962.78,-1808.64,13.38
99,1962.76,-1802.14,13.37
100,1962.75,-1797.01,13.37
101,1962.74,-1790.56,13.37
102,1962.73,-1785.18,13.37
103,1962.71,-1779.29,13.37
104,1962.49,-1774.15,13.37
105,1961.98,-1768.51,13.37
106,1960.71,-1764.17,13.37
107,1957.82,-1759.77,13.37
108,1954.40,-1756.39,13.37
109,1951.27,-1754.09,13.37
110,1947.53,-1752.62,13.37
111,1943.23,-1752.09,13.37
112,1937.68,-1751.69,13.38
113,1931.75,-1751.21,13.38
114,1925.97,-1750.73,13.38
115,1920.90,-1750.84,13.37
116,1915.39,-1751.24,13.38
117,1909.72,-1751.67,13.38
118,1904.41,-1752.01,13.38
119,1898.56,-1752.27,13.38
120,1892.39,-1752.55,13.38
121,1887.13,-1752.75,13.38
122,1881.47,-1752.84,13.37
123,1874.94,-1752.93,13.38
124,1868.28,-1753.01,13.38
125,1863.19,-1753.08,13.38
126,1857.47,-1753.16,13.38
127,1851.39,-1752.94,13.37
128,1845.29,-1752.56,13.37
129,1839.50,-1752.16,13.37
130,1834.31,-1751.62,13.37
131,1829.38,-1750.67,13.37
132,1825.98,-1749.20,13.37
133,1823.31,-1747.06,13.37
134,1820.92,-1743.19,13.37
135,1819.09,-1739.79,13.37
136,1816.85,-1737.16,13.37
137,1814.24,-1735.58,13.37
138,1810.08,-1734.71,13.37
139,1805.01,-1734.08,13.38
140,1799.82,-1733.46,13.38
141,1794.58,-1733.44,13.37
142,1788.52,-1733.62,13.38
143,1783.41,-1733.78,13.38
144,1778.04,-1733.91,13.38
145,1772.47,-1734.06,13.38
146,1766.76,-1734.22,13.38
147,1761.09,-1734.37,13.38
148,1755.53,-1734.46,13.38
149,1748.90,-1734.01,13.38
150,1742.97,-1733.52,13.38
151,1737.65,-1733.20,13.38
152,1731.00,-1733.24,13.38
153,1726.00,-1733.33,13.38
154,1720.98,-1733.42,13.38
155,1715.96,-1733.48,13.37
156,1709.56,-1733.44,13.38
157,1704.24,-1733.40,13.38
158,1697.50,-1733.32,13.38
159,1690.77,-1733.14,13.38
160,1685.24,-1732.97,13.39
161,1679.66,-1732.81,13.38
162,1674.03,-1732.64,13.37
163,1668.35,-1732.47,13.37
164,1662.62,-1732.30,13.38
165,1656.84,-1732.13,13.38
166,1651.31,-1731.97,13.38
167,1645.49,-1731.82,13.37
168,1640.25,-1731.83,13.37
169,1634.66,-1731.88,13.37
170,1628.64,-1731.94,13.37
171,1622.97,-1732.00,13.38
172,1617.15,-1732.00,13.37
173,1610.44,-1731.88,13.37
174,1604.23,-1731.74,13.37
175,1597.98,-1731.61,13.38
176,1591.69,-1731.48,13.38
177,1585.28,-1731.36,13.38
178,1579.03,-1731.23,13.38
179,1573.11,-1731.12,13.38
180,1567.16,-1731.20,13.37
181,1560.78,-1731.42,13.37
182,1554.25,-1731.69,13.37
183,1547.80,-1731.96,13.38
184,1541.00,-1732.12,13.37
185,1535.39,-1732.04,13.37
186,1528.70,-1731.86,13.37
187,1521.92,-1731.66,13.38
188,1515.35,-1731.49,13.38
189,1510.26,-1731.42,13.37
190,1503.41,-1731.35,13.37
191,1496.53,-1731.29,13.38
192,1489.59,-1731.22,13.38
193,1482.64,-1731.15,13.38
194,1475.64,-1731.07,13.38
195,1468.62,-1731.00,13.38
196,1461.53,-1730.93,13.38
197,1454.44,-1730.86,13.38
198,1448.67,-1730.81,13.37
199,1441.76,-1730.85,13.37
200,1434.67,-1730.97,13.37
201,1427.59,-1731.11,13.37
202,1420.49,-1731.25,13.37
203,1413.41,-1731.39,13.37
204,1406.33,-1731.52,13.37
205,1399.25,-1731.66,13.37
206,1392.17,-1731.79,13.37
207,1385.09,-1731.93,13.37
208,1378.16,-1732.06,13.37
209,1371.84,-1732.18,13.37
210,1365.66,-1732.24,13.37
211,1359.16,-1732.28,13.37
212,1351.81,-1732.32,13.37
213,1345.82,-1732.36,13.36
214,1340.17,-1732.41,13.37
215,1334.66,-1732.43,13.37
216,1329.53,-1732.07,13.37
217,1324.19,-1730.80,13.37
218,1319.81,-1728.53,13.37
219,1315.54,-1725.27,13.37
220,1311.68,-1722.58,13.37
221,1306.64,-1720.45,13.45
222,1300.57,-1719.15,13.49
223,1294.90,-1718.32,13.36
224,1289.60,-1716.86,13.38
225,1284.69,-1714.90,13.38
226,1279.93,-1713.48,13.37
227,1274.67,-1712.76,13.37
228,1269.23,-1712.28,13.37
229,1263.38,-1711.99,13.37
230,1257.46,-1712.30,13.37
231,1251.38,-1712.74,13.37
232,1245.29,-1713.20,13.38
233,1239.64,-1713.45,13.37
234,1233.81,-1713.56,13.37
235,1227.55,-1713.66,13.38
236,1221.10,-1713.76,13.38
237,1215.91,-1713.82,13.37
238,1210.65,-1713.87,13.38
239,1205.33,-1713.92,13.38
240,1199.94,-1713.97,13.38
241,1194.49,-1714.02,13.38
242,1189.00,-1714.07,13.39
243,1183.46,-1714.12,13.47
244,1176.79,-1714.17,13.57
245,1171.04,-1714.22,13.65
246,1165.61,-1714.27,13.72
247,1158.88,-1714.30,13.78
248,1151.90,-1714.00,13.77
249,1146.07,-1713.66,13.77
250,1140.20,-1713.29,13.76
251,1134.66,-1712.95,13.63
252,1129.36,-1712.68,13.44
253,1123.47,-1712.71,13.35
254,1117.73,-1712.84,13.37
255,1111.75,-1713.01,13.37
256,1105.53,-1713.17,13.37
257,1099.31,-1713.32,13.37
258,1093.26,-1713.36,13.37
259,1087.05,-1713.36,13.37
260,1081.64,-1713.35,13.37
261,1076.37,-1713.28,13.37
262,1070.63,-1713.04,13.37
263,1064.63,-1712.73,13.37
264,1059.77,-1712.49,13.37
265,1055.41,-1712.23,13.37
266,1051.67,-1711.34,13.37
267,1047.95,-1709.38,13.37
268,1044.50,-1707.25,13.37
269,1042.47,-1705.31,13.39
270,1041.08,-1702.94,13.40
271,1040.32,-1698.99,13.38
272,1039.95,-1693.49,13.37
273,1039.44,-1688.24,13.38
274,1039.07,-1684.06,13.38
275,1039.25,-1679.46,13.37
276,1039.64,-1673.22,13.38
277,1039.98,-1667.17,13.38
278,1040.31,-1660.93,13.38
279,1040.63,-1655.22,13.38
280,1040.84,-1649.79,13.38
281,1040.53,-1644.46,13.37
282,1040.02,-1638.37,13.37
283,1039.49,-1632.13,13.38
284,1038.98,-1625.91,13.38
285,1038.76,-1620.80,13.38
286,1038.74,-1614.51,13.37
287,1038.75,-1609.43,13.38
288,1038.77,-1602.91,13.38
289,1038.74,-1596.39,13.37
290,1038.65,-1590.54,13.37
291,1038.50,-1586.47,13.36
292,1037.56,-1583.22,13.37
293,1035.14,-1580.47,13.37
294,1032.74,-1579.11,13.37
295,1029.52,-1577.24,13.40
296,1026.30,-1575.31,13.40
297,1023.25,-1573.99,13.38
298,1018.94,-1572.96,13.38
299,1014.36,-1571.99,13.38
300,1009.98,-1571.62,13.38
301,1004.20,-1571.32,13.38
302,998.07,-1571.03,13.38
303,992.93,-1570.75,13.38
304,986.88,-1570.44,13.38
305,981.86,-1570.50,13.38
306,976.38,-1570.83,13.38
307,970.66,-1571.20,13.38
308,965.38,-1571.34,13.38
309,959.77,-1571.17,13.38
310,953.85,-1570.96,13.38
311,947.94,-1570.95,13.38
312,941.91,-1571.03,13.37
313,936.46,-1571.05,13.37
314,932.02,-1570.65,13.37
315,928.31,-1570.16,13.37
316,925.01,-1568.90,13.37
317,922.69,-1566.90,13.37
318,921.28,-1564.02,13.37
319,920.53,-1560.31,13.37
320,919.64,-1555.48,13.38
321,918.89,-1551.08,13.38
322,918.60,-1546.03,13.38
323,918.37,-1540.07,13.38
324,918.15,-1535.02,13.38
325,917.90,-1529.73,13.38
326,917.65,-1524.22,13.38
327,917.40,-1518.55,13.37
328,917.14,-1512.73,13.37
329,916.95,-1507.15,13.37
330,917.10,-1501.09,13.37
331,917.32,-1494.85,13.37
332,917.54,-1488.46,13.37
333,917.76,-1481.94,13.37
334,917.97,-1475.29,13.38
335,918.14,-1470.20,13.38
336,918.32,-1465.03,13.38
337,918.49,-1459.78,13.38
338,918.67,-1454.45,13.38
339,918.85,-1448.32,13.38
340,918.62,-1442.35,13.36
341,918.15,-1435.86,13.32
342,917.74,-1430.53,13.29
343,917.26,-1424.04,13.24
344,916.62,-1418.91,13.22
345,914.67,-1413.73,13.20
346,910.72,-1409.20,13.21
347,905.47,-1406.90,13.17
348,901.22,-1406.44,13.13
349,895.11,-1406.09,13.06
350,889.96,-1405.75,13.01
351,884.59,-1405.39,12.95
352,879.05,-1405.03,12.89
353,873.40,-1404.68,12.86
354,867.58,-1404.30,12.95
355,861.76,-1403.92,13.05
356,855.86,-1403.54,13.15
357,849.82,-1403.16,13.25
358,843.76,-1402.77,13.36
359,837.63,-1402.37,13.44
360,831.42,-1401.97,13.44
361,824.99,-1401.56,13.45
362,818.60,-1401.15,13.46
363,812.07,-1400.73,13.46
364,806.98,-1400.42,13.45
365,801.27,-1400.24,13.44
366,796.13,-1400.14,13.41
367,791.06,-1400.05,13.38
368,785.96,-1399.97,13.36
369,780.80,-1399.89,13.36
370,774.86,-1399.84,13.36
371,769.46,-1400.07,13.36
372,764.10,-1400.35,13.36
373,758.67,-1400.66,13.36
374,753.18,-1400.96,13.36
375,747.51,-1401.26,13.36
376,742.12,-1401.34,13.36
377,736.07,-1401.29,13.36
378,730.37,-1401.22,13.36
379,724.62,-1401.15,13.36
380,718.81,-1401.08,13.36
381,712.97,-1401.02,13.36
382,707.07,-1400.96,13.37
383,701.12,-1400.89,13.37
384,695.14,-1400.83,13.38
385,689.11,-1400.76,13.38
386,683.02,-1400.69,13.39
387,676.87,-1400.63,13.39
388,670.68,-1400.56,13.39
389,664.46,-1400.49,13.39
390,658.09,-1400.42,13.39
391,651.44,-1400.36,13.39
392,644.66,-1400.51,13.42
393,638.59,-1400.74,13.43
394,632.14,-1400.99,13.32
395,625.65,-1401.25,13.30
396,619.18,-1401.50,13.34
397,612.84,-1401.97,13.40
398,606.93,-1402.85,13.39
399,600.41,-1404.03,13.39
400,593.86,-1405.25,13.39
401,587.30,-1406.47,13.57
402,580.73,-1407.67,13.94
403,574.89,-1408.73,14.24
404,569.07,-1409.81,14.54
405,562.60,-1411.03,14.85
406,556.78,-1412.13,15.12
407,551.83,-1413.04,15.36
408,546.44,-1414.59,15.63
409,541.69,-1417.07,15.87
410,537.11,-1419.65,15.97
411,532.00,-1422.46,15.95
412,527.76,-1425.26,15.95
413,523.62,-1428.42,15.95
414,519.49,-1431.65,15.90
415,514.87,-1435.47,15.50
416,510.98,-1439.37,14.86
417,507.11,-1443.63,14.79
418,503.64,-1447.50,15.11
419,500.20,-1451.55,16.01
420,497.70,-1455.92,16.95
421,495.50,-1460.73,17.61
422,493.37,-1465.67,18.18
423,491.30,-1470.41,18.68
424,489.53,-1475.04,19.11
425,488.03,-1480.78,19.56
426,486.70,-1486.19,19.84
427,485.34,-1491.62,20.11
428,484.10,-1497.62,20.27
429,484.00,-1503.28,20.39
430,484.49,-1508.62,20.42
431,485.17,-1513.89,20.30
432,486.36,-1519.15,20.18
433,487.54,-1524.14,19.95
434,488.70,-1529.04,19.61
435,490.31,-1533.88,19.25
436,492.73,-1538.82,18.75
437,495.11,-1543.24,18.29
438,497.65,-1547.98,17.77
439,500.22,-1552.84,17.25
440,502.93,-1557.96,16.80
441,505.51,-1562.45,16.45
442,508.89,-1566.62,16.24
443,512.57,-1570.60,16.10
444,516.51,-1574.15,16.03
445,519.99,-1575.90,16.00
446,524.49,-1577.00,15.99
447,530.10,-1578.18,16.00
448,536.06,-1579.51,16.00
449,541.58,-1580.67,16.00
450,546.94,-1581.29,16.00
451,552.54,-1581.85,16.00
452,558.31,-1582.44,16.00
453,563.79,-1582.91,16.00
454,568.87,-1582.91,16.00
455,575.04,-1582.80,16.00
456,581.34,-1582.68,16.00
457,587.66,-1582.81,16.00
458,594.26,-1583.24,16.00
459,599.29,-1583.59,16.00
460,604.39,-1583.94,16.00
461,609.58,-1584.29,16.00
462,614.85,-1584.64,15.99
463,621.50,-1585.07,15.72
464,627.34,-1585.33,15.50
465,632.74,-1585.55,15.52
466,638.20,-1585.77,15.53
467,643.79,-1585.98,15.54
468,649.35,-1586.19,15.47
469,654.51,-1586.38,15.06
470,660.04,-1586.43,14.56
471,665.45,-1586.39,14.28
472,670.91,-1586.34,14.14
473,676.71,-1586.27,14.00
474,682.33,-1586.10,13.97
475,688.31,-1585.88,13.98
476,694.00,-1585.66,13.97
477,699.52,-1585.49,13.97
478,705.59,-1585.37,13.98
479,712.47,-1585.25,14.10
480,718.39,-1585.16,14.23
481,724.42,-1585.23,14.26
482,730.01,-1585.64,14.24
483,736.57,-1586.25,14.22
484,742.17,-1586.79,14.15
485,748.16,-1587.11,13.91
486,754.35,-1587.25,13.66
487,760.87,-1587.34,13.40
488,767.79,-1587.44,13.34
489,773.86,-1587.64,13.37
490,779.62,-1587.90,13.37
491,786.03,-1588.21,13.37
492,792.39,-1588.58,13.37
493,798.74,-1589.60,13.37
494,804.28,-1590.79,13.37
495,809.73,-1592.57,13.37
496,814.39,-1595.29,13.37
497,818.50,-1598.56,13.37
498,822.37,-1601.87,13.37
499,826.32,-1605.24,13.37
500,829.49,-1608.63,13.37
501,831.52,-1612.20,13.37
502,832.42,-1616.06,13.37
503,832.04,-1619.59,13.37
504,830.39,-1622.71,13.37
505,827.95,-1625.91,13.37
506,824.79,-1630.14,13.38
507,822.57,-1634.18,13.37
508,819.91,-1639.06,13.38
509,817.45,-1642.50,13.37
510,814.42,-1646.98,13.38
511,812.49,-1651.47,13.37
512,811.12,-1656.29,13.37
513,810.03,-1661.38,13.38
514,809.69,-1666.79,13.37
515,809.68,-1672.52,13.37
516,809.71,-1678.41,13.38
517,809.71,-1684.44,13.38
518,809.70,-1690.62,13.38
519,809.70,-1696.94,13.38
520,809.71,-1703.40,13.38
521,809.71,-1709.99,13.38
522,809.71,-1715.03,13.38
523,809.71,-1720.14,13.38
524,809.72,-1725.33,13.38
525,809.72,-1730.60,13.38
526,809.72,-1735.89,13.38
527,809.87,-1741.27,13.37
528,810.11,-1746.84,13.37
529,810.51,-1751.86,13.37
530,811.46,-1755.58,13.37
531,812.45,-1759.04,13.38
532,813.40,-1762.23,13.38
533,814.87,-1765.12,13.39
534,816.79,-1767.09,13.39
535,820.28,-1769.04,13.39
536,824.48,-1771.18,13.39
537,828.47,-1773.76,13.40
538,832.70,-1776.40,13.50
539,836.58,-1777.75,13.62
540,842.17,-1779.11,13.74
541,847.04,-1780.35,13.80
542,851.76,-1781.45,13.78
543,856.93,-1782.13,13.77
544,862.52,-1782.74,13.72
545,868.25,-1783.38,13.68
546,874.15,-1784.06,13.63
547,880.21,-1784.75,13.58
548,886.41,-1785.44,13.54
549,892.77,-1786.15,13.49
550,899.27,-1786.89,13.44
551,905.91,-1787.64,13.38
552,911.04,-1788.22,13.37
553,916.20,-1788.80,13.37
554,921.43,-1789.39,13.37
555,926.73,-1789.99,13.39
556,931.82,-1790.56,13.50
557,937.48,-1791.27,13.67
558,942.75,-1792.12,13.82
559,948.15,-1793.04,13.97
560,953.59,-1793.98,14.11
561,960.36,-1795.22,14.12
562,965.54,-1796.62,14.10
563,970.91,-1798.32,14.09
564,976.34,-1800.10,14.08
565,981.58,-1801.81,14.07
566,987.61,-1803.65,14.06
567,993.30,-1804.93,14.05
568,998.79,-1806.04,14.04
569,1004.52,-1807.36,14.04
570,1009.80,-1809.09,14.04
571,1015.01,-1811.04,14.03
572,1019.71,-1812.87,13.97
573,1024.44,-1814.93,13.87
574,1028.91,-1817.49,13.77
575,1033.08,-1820.71,13.68
576,1037.88,-1825.27,13.61
577,1042.31,-1829.74,13.54
578,1046.93,-1834.38,13.48
579,1050.96,-1839.24,13.50
580,1052.68,-1841.71,13.56
581,1053.18,-1842.48,13.56
582,1053.89,-1843.21,13.57
583,1055.17,-1844.15,13.54
584,1056.95,-1845.62,13.48
585,1058.88,-1846.89,13.43
586,1061.01,-1847.54,13.41
587,1064.43,-1848.48,13.41
588,1068.46,-1849.62,13.39
589,1072.70,-1850.32,13.38
590,1078.06,-1850.86,13.38
591,1083.55,-1851.40,13.38
592,1088.48,-1851.68,13.38
593,1094.37,-1851.43,13.38
594,1099.68,-1851.16,13.38
595,1104.86,-1850.93,13.38
596,1111.04,-1851.13,13.37
597,1116.89,-1851.44,13.38
598,1122.87,-1851.75,13.38
599,1128.50,-1852.02,13.38
600,1134.19,-1851.88,13.37
601,1139.67,-1851.18,13.37
602,1145.61,-1850.32,13.37
603,1151.47,-1849.59,13.38
604,1157.56,-1849.64,13.38
605,1163.68,-1850.43,13.39
606,1168.77,-1851.24,13.39
607,1173.94,-1852.05,13.39
608,1179.18,-1852.84,13.39
609,1184.38,-1853.61,13.39
610,1190.83,-1854.47,13.39
611,1196.17,-1854.62,13.38
612,1201.36,-1854.19,13.38
613,1206.85,-1853.51,13.37
614,1212.39,-1852.75,13.37
615,1217.98,-1852.02,13.37
616,1223.01,-1851.38,13.37
617,1228.44,-1850.85,13.37
618,1235.04,-1850.97,13.37
619,1240.72,-1851.67,13.37
620,1246.49,-1852.59,13.37
621,1251.85,-1853.46,13.37
622,1257.05,-1854.17,13.37
623,1262.31,-1854.41,13.37
624,1267.39,-1854.26,13.37
625,1273.43,-1853.91,13.37
626,1279.50,-1853.55,13.37
627,1285.13,-1853.24,13.37
628,1290.70,-1853.08,13.37
629,1296.00,-1853.11,13.37
630,1302.24,-1853.20,13.37
631,1308.29,-1853.31,13.37
632,1313.28,-1853.66,13.37
633,1319.80,-1854.78,13.37
634,1325.95,-1856.27,13.37
635,1331.38,-1857.72,13.38
636,1337.13,-1859.49,13.39
637,1341.96,-1861.16,13.38
638,1347.97,-1863.29,13.37
639,1353.87,-1865.38,13.37
640,1360.14,-1867.33,13.37
641,1366.21,-1869.05,13.37
642,1372.39,-1870.53,13.37
643,1378.21,-1871.39,13.37
644,1384.70,-1871.98,13.37
645,1390.99,-1872.46,13.37
646,1396.91,-1872.85,13.37
647,1403.54,-1872.84,13.37
648,1410.46,-1872.45,13.37
649,1415.94,-1872.08,13.37
650,1421.87,-1871.74,13.37
651,1428.98,-1871.81,13.37
652,1435.96,-1872.12,13.37
653,1443.01,-1872.49,13.37
654,1449.31,-1872.80,13.38
655,1454.45,-1872.94,13.37
656,1461.13,-1872.68,13.37
657,1468.19,-1872.14,13.37
658,1475.23,-1871.55,13.37
659,1482.30,-1870.97,13.37
660,1489.36,-1870.41,13.37
661,1496.75,-1869.84,13.37
662,1503.78,-1869.59,13.37
663,1510.48,-1870.01,13.37
664,1517.66,-1871.00,13.37
665,1524.64,-1872.18,13.37
666,1531.63,-1873.36,13.37
667,1538.06,-1874.41,13.37
668,1545.26,-1875.14,13.37
669,1550.43,-1875.20,13.37
670,1555.94,-1874.98,13.37
671,1563.00,-1874.52,13.37
672,1570.06,-1874.05,13.37
673,1577.12,-1873.60,13.37
674,1584.19,-1873.17,13.37
675,1591.25,-1872.74,13.37
676,1598.31,-1872.30,13.37
677,1604.74,-1871.89,13.37
678,1611.92,-1871.47,13.37
679,1618.24,-1871.16,13.37
680,1624.25,-1870.88,13.37
681,1630.35,-1870.60,13.37
682,1636.52,-1870.48,13.37
683,1642.32,-1870.94,13.37
684,1648.62,-1871.58,13.37
685,1654.78,-1871.65,13.37
686,1660.63,-1871.04,13.37
687,1666.73,-1870.03,13.37
688,1671.77,-1868.41,13.37
689,1676.69,-1865.67,13.37
690,1681.26,-1861.26,13.37
691,1684.61,-1856.91,13.37
692,1687.98,-1851.90,13.37
693,1690.26,-1847.03,13.37
694,1691.38,-1842.11,13.37
695,1691.47,-1836.59,13.37
696,1691.15,-1831.24,13.37
697,1691.35,-1825.95,13.37
698,1692.46,-1821.73,13.37
699,1695.14,-1817.31,13.37
700,1698.51,-1814.47,13.36
701,1703.32,-1812.48,13.35
702,1708.61,-1810.98,13.35
703,1713.07,-1810.34,13.35
704,1719.03,-1810.90,13.34
705,1724.89,-1812.97,13.35
706,1729.79,-1814.99,13.35
707,1734.62,-1817.38,13.36
708,1739.17,-1819.84,13.36
709,1744.06,-1822.45,13.36
710,1748.92,-1824.34,13.37
711,1753.80,-1825.87,13.37
712,1759.47,-1826.94,13.37
713,1765.46,-1827.81,13.37
714,1771.60,-1828.70,13.38
715,1777.87,-1829.63,13.38
716,1782.87,-1830.28,13.37
717,1788.20,-1830.57,13.37
718,1794.16,-1830.78,13.37
719,1799.37,-1831.03,13.37
720,1803.35,-1831.54,13.37
721,1807.03,-1832.14,13.37
722,1810.82,-1832.98,13.38
723,1814.87,-1834.14,13.39
724,1818.14,-1835.97,13.40
725,1820.62,-1838.90,13.40
726,1821.67,-1843.14,13.40
727,1821.99,-1847.67,13.41
728,1822.33,-1852.59,13.41
729,1822.18,-1856.76,13.41
730,1821.57,-1862.47,13.41
731,1820.89,-1868.55,13.41
732,1820.35,-1873.64,13.39
733,1819.75,-1879.74,13.37
734,1819.54,-1884.83,13.37
735,1819.36,-1890.45,13.37
736,1819.19,-1896.17,13.38
737,1819.41,-1902.06,13.39
738,1820.33,-1908.23,13.39
739,1821.18,-1913.12,13.39
740,1822.59,-1917.27,13.38
741,1824.69,-1921.66,13.37
742,1827.15,-1925.12,13.39
743,1829.96,-1927.13,13.43
744,1833.03,-1928.38,13.42
745,1836.64,-1929.60,13.37
746,1840.85,-1931.06,13.37
747,1845.21,-1932.30,13.37
748,1850.73,-1933.41,13.37
749,1855.64,-1934.11,13.37
750,1861.42,-1934.00,13.36
751,1866.78,-1933.71,13.37
752,1872.34,-1933.42,13.37
753,1878.13,-1933.13,13.37
754,1883.30,-1933.02,13.37
755,1889.21,-1932.96,13.37
756,1894.83,-1932.92,13.37
757,1900.47,-1932.87,13.37
758,1906.87,-1932.81,13.37
759,1912.21,-1932.77,13.37
760,1918.49,-1932.80,13.37
761,1924.48,-1933.00,13.37
762,1929.84,-1933.20,13.37
763,1934.90,-1933.38,13.37
764,1940.26,-1933.67,13.37
765,1945.26,-1934.82,13.37
766,1949.21,-1937.03,13.39
767,1952.67,-1941.48,13.52
768,1955.40,-1946.39,13.59
769,1957.93,-1950.98,13.71
770,1959.56,-1954.63,13.74
771,1960.72,-1959.26,13.74
772,1961.74,-1964.50,13.63
773,1962.31,-1969.34,13.45
774,1962.08,-1974.54,13.36
775,1961.61,-1979.94,13.38
776,1961.22,-1985.27,13.38
777,1961.29,-1990.90,13.37
778,1961.45,-1996.67,13.38
779,1961.60,-2002.52,13.38
780,1961.72,-2008.26,13.38
781,1961.79,-2013.68,13.38
782,1961.77,-2019.14,13.38
783,1961.73,-2025.23,13.38
784,1961.47,-2030.82,13.38
785,1960.76,-2036.83,13.37
786,1959.96,-2042.99,13.38
787,1959.30,-2049.34,13.38
788,1959.03,-2055.88,13.37
789,1958.89,-2062.21,13.38
790,1958.89,-2067.22,13.38
791,1958.90,-2073.06,13.37
792,1958.97,-2078.55,13.37
793,1959.65,-2084.63,13.37
794,1960.44,-2089.83,13.37
795,1961.22,-2094.42,13.37
796,1962.49,-2098.04,13.37
797,1964.23,-2101.82,13.37
798,1966.15,-2104.74,13.37
799,1969.08,-2107.46,13.37
800,1972.06,-2108.87,13.37
801,1975.32,-2109.15,13.36
802,1979.80,-2108.51,13.35
803,1983.76,-2107.97,13.34
804,1987.57,-2108.04,13.33
805,1992.95,-2108.52,13.35
806,1997.58,-2108.72,13.36
807,2003.87,-2108.62,13.39
808,2009.18,-2108.50,13.40
809,2014.73,-2108.40,13.41
810,2020.45,-2108.30,13.40
811,2026.26,-2108.18,13.39
812,2032.24,-2108.07,13.38
813,2038.51,-2107.95,13.36
814,2044.79,-2107.82,13.34
815,2050.65,-2107.70,13.33
816,2057.08,-2107.70,13.34
817,2062.35,-2107.73,13.36
818,2067.51,-2107.77,13.37
819,2073.25,-2107.82,13.37
820,2079.15,-2107.46,13.35
821,2083.50,-2106.56,13.33
822,2087.91,-2105.15,13.35
823,2092.24,-2102.32,13.48
824,2096.29,-2099.23,13.54
825,2099.57,-2097.28,13.54
826,2104.32,-2095.47,13.54
827,2107.64,-2094.15,13.54
828,2111.34,-2092.19,13.54
829,2114.55,-2090.60,13.54
830,2117.88,-2089.23,13.54
831,2120.72,-2088.24,13.54
832,2123.40,-2087.86,13.54
