1,-1372.09,743.12,4.00
2,-1372.09,743.12,4.00
3,-1372.09,743.12,4.00
4,-1373.24,743.51,3.99
5,-1377.20,744.84,3.99
6,-1382.57,745.59,3.99
7,-1388.28,746.18,3.99
8,-1393.42,746.70,4.00
9,-1398.95,746.86,3.99
10,-1404.92,746.92,4.00
11,-1411.30,746.97,4.00
12,-1416.33,747.01,4.00
13,-1421.50,747.06,4.00
14,-1426.83,747.10,4.00
15,-1432.21,747.14,4.00
16,-1437.25,747.19,3.99
17,-1442.86,747.23,3.99
18,-1448.68,747.28,4.00
19,-1454.38,747.33,4.45
20,-1460.19,747.37,4.95
21,-1465.47,747.42,5.56
22,-1471.22,747.52,6.48
23,-1476.98,747.86,7.31
24,-1482.21,748.55,8.07
25,-1487.87,749.78,8.63
26,-1493.49,751.13,8.39
27,-1498.90,752.44,7.38
28,-1504.15,754.07,6.64
29,-1508.77,756.60,6.90
30,-1513.58,760.60,6.85
31,-1517.38,765.67,6.86
32,-1520.23,771.75,6.85
33,-1522.14,776.50,6.86
34,-1524.10,781.42,6.86
35,-1526.09,786.42,6.86
36,-1528.01,791.59,6.86
37,-1529.35,796.55,6.86
38,-1530.06,802.25,6.86
39,-1530.19,808.07,6.86
40,-1530.24,813.50,6.86
41,-1530.28,819.48,6.73
42,-1530.32,825.57,6.69
43,-1530.37,831.76,6.71
44,-1530.41,838.09,6.71
45,-1530.45,844.50,6.71
46,-1530.49,850.46,6.71
47,-1530.54,856.93,6.71
48,-1530.58,863.58,6.71
49,-1530.62,869.77,6.71
50,-1530.67,876.42,6.71
51,-1530.71,883.06,6.71
52,-1530.76,889.37,6.71
53,-1530.80,896.30,6.71
54,-1530.85,902.57,6.71
55,-1530.89,909.51,6.71
56,-1530.94,916.36,6.71
57,-1530.98,922.94,6.71
58,-1531.04,929.85,6.71
59,-1531.24,936.77,6.71
60,-1531.79,943.39,6.71
61,-1532.92,950.43,6.71
62,-1534.69,956.90,6.71
63,-1537.34,963.45,6.71
64,-1540.63,969.89,6.71
65,-1543.43,975.17,6.71
66,-1546.93,981.48,6.71
67,-1550.71,987.79,6.71
68,-1554.49,994.01,6.71
69,-1558.32,1000.31,6.71
70,-1562.14,1006.63,6.71
71,-1565.80,1013.00,6.71
72,-1568.14,1017.43,6.71
73,-1570.47,1022.26,6.84
74,-1572.96,1028.10,6.87
75,-1575.73,1034.99,6.85
76,-1578.46,1041.97,6.81
77,-1580.88,1049.04,6.68
78,-1582.35,1053.84,6.71
79,-1584.33,1060.41,6.71
80,-1586.31,1067.03,6.71
81,-1588.27,1073.67,6.71
82,-1589.61,1078.58,6.71
83,-1591.04,1084.08,6.71
84,-1592.91,1091.36,6.79
85,-1594.11,1096.30,6.88
86,-1595.38,1102.50,6.86
87,-1596.69,1109.46,6.85
88,-1597.61,1114.43,6.77
89,-1598.91,1121.47,6.68
90,-1600.28,1128.87,6.71
91,-1601.21,1133.87,6.71
92,-1602.19,1138.81,6.71
93,-1603.52,1145.06,6.71
94,-1604.60,1150.03,6.71
95,-1605.70,1155.09,6.71
96,-1606.96,1160.69,6.71
97,-1608.26,1165.71,6.71
98,-1609.79,1170.58,6.71
99,-1611.64,1175.41,6.75
100,-1614.54,1181.64,6.81
101,-1616.98,1186.28,6.77
102,-1619.39,1190.77,6.71
103,-1621.83,1195.29,6.69
104,-1624.35,1199.82,6.71
105,-1627.11,1204.25,6.71
106,-1630.03,1208.44,6.71
107,-1633.96,1213.89,6.71
108,-1638.27,1219.49,6.71
109,-1641.68,1223.35,6.71
110,-1645.30,1227.11,6.71
111,-1649.26,1231.13,6.71
112,-1654.41,1236.31,6.71
113,-1658.11,1240.04,6.71
114,-1662.08,1244.05,6.71
115,-1667.22,1249.22,6.71
116,-1670.92,1252.95,6.71
117,-1674.47,1256.53,6.71
118,-1679.60,1261.70,6.71
119,-1683.39,1265.52,6.71
120,-1687.34,1269.50,6.71
121,-1692.56,1274.75,6.71
122,-1696.30,1278.40,6.71
123,-1701.94,1283.84,6.71
124,-1705.69,1287.45,6.71
125,-1709.49,1291.11,6.71
126,-1713.13,1294.61,6.71
127,-1718.43,1299.71,6.71
128,-1722.16,1303.39,6.71
129,-1725.85,1307.12,6.71
130,-1729.56,1310.89,6.71
131,-1733.24,1314.63,6.71
132,-1736.99,1318.45,6.71
133,-1742.00,1323.47,6.71
134,-1745.89,1327.15,6.71
135,-1749.81,1330.57,6.71
136,-1753.90,1333.80,6.71
137,-1758.24,1336.87,6.71
138,-1762.61,1339.75,6.71
139,-1767.01,1342.61,6.71
140,-1771.45,1345.44,6.71
141,-1775.99,1348.12,6.71
142,-1780.65,1350.51,6.71
143,-1785.27,1352.49,6.71
144,-1790.25,1354.22,6.71
145,-1797.28,1356.00,6.71
146,-1802.48,1356.83,6.71
147,-1807.69,1357.28,6.71
148,-1812.95,1357.36,6.71
149,-1818.20,1357.05,6.71
150,-1823.39,1356.36,6.71
151,-1828.52,1355.29,6.71
152,-1833.60,1353.83,6.71
153,-1838.62,1351.98,6.71
154,-1843.90,1349.60,6.71
155,-1848.64,1347.33,6.71
156,-1853.43,1345.01,6.71
157,-1857.96,1342.81,6.71
158,-1864.13,1339.98,6.71
159,-1870.85,1337.50,6.71
160,-1877.77,1335.41,6.73
161,-1884.67,1333.40,6.88
162,-1891.21,1331.51,6.74
163,-1897.97,1329.55,6.68
164,-1903.09,1328.07,6.71
165,-1910.02,1326.07,6.71
166,-1916.92,1324.03,6.71
167,-1923.89,1321.82,6.85
168,-1930.30,1319.77,6.89
169,-1935.19,1318.21,6.87
170,-1942.12,1315.99,6.77
171,-1947.11,1314.40,6.67
172,-1952.19,1312.78,6.70
173,-1957.20,1311.17,6.71
174,-1963.44,1309.17,6.71
175,-1969.91,1307.10,6.71
176,-1976.16,1305.10,6.71
177,-1982.86,1302.96,6.71
178,-1987.93,1301.33,6.71
179,-1993.56,1299.53,6.74
180,-2000.51,1297.30,6.88
181,-2005.56,1295.69,6.86
182,-2012.56,1293.45,6.70
183,-2018.83,1291.44,6.69
184,-2023.77,1289.86,6.71
185,-2028.83,1288.24,6.73
186,-2035.11,1286.31,6.84
187,-2042.31,1284.37,6.97
188,-2047.33,1283.21,7.00
189,-2054.42,1281.67,7.31
190,-2059.52,1280.57,7.32
191,-2064.55,1279.51,7.74
192,-2071.27,1278.37,9.36
193,-2077.88,1277.67,11.09
194,-2083.72,1277.39,12.71
195,-2090.66,1277.15,14.29
196,-2097.01,1276.95,15.20
197,-2103.21,1276.75,16.33
198,-2109.84,1276.53,17.55
199,-2115.86,1276.34,18.63
200,-2122.36,1276.13,19.80
201,-2128.12,1275.94,20.85
202,-2134.05,1275.75,21.92
203,-2139.30,1275.58,22.87
204,-2144.93,1275.39,23.84
205,-2150.52,1275.21,24.80
206,-2156.26,1275.02,25.78
207,-2161.27,1274.86,26.62
208,-2166.77,1274.68,27.38
209,-2172.33,1274.49,28.16
210,-2178.39,1274.29,29.02
211,-2184.40,1274.09,29.92
212,-2189.81,1273.91,30.94
213,-2195.27,1273.73,31.93
214,-2200.68,1273.55,32.90
215,-2206.50,1273.35,33.95
216,-2211.77,1273.18,34.91
217,-2217.05,1273.00,35.86
218,-2222.81,1272.66,36.89
219,-2229.46,1272.11,38.02
220,-2234.58,1271.64,38.92
221,-2240.18,1270.73,39.81
222,-2245.18,1269.26,40.39
223,-2250.07,1266.98,41.08
224,-2255.22,1263.42,41.65
225,-2259.45,1259.00,42.25
226,-2262.93,1253.47,43.08
227,-2264.98,1248.14,43.83
228,-2266.10,1242.54,44.71
229,-2266.43,1236.79,45.59
230,-2266.61,1230.71,46.71
231,-2266.74,1225.55,47.64
232,-2266.90,1219.41,48.80
233,-2267.06,1213.63,50.53
234,-2267.34,1207.61,52.23
235,-2268.19,1202.21,53.78
236,-2269.40,1197.43,54.79
237,-2271.16,1191.66,55.12
238,-2273.90,1186.71,55.25
239,-2278.43,1182.36,55.25
240,-2283.09,1180.17,54.89
241,-2288.49,1179.30,53.85
242,-2294.21,1178.92,52.83
243,-2300.05,1178.57,51.77
244,-2306.21,1178.21,50.66
245,-2312.77,1178.05,49.47
246,-2318.10,1177.99,48.51
247,-2323.72,1177.94,47.49
248,-2328.93,1177.94,46.55
249,-2335.41,1178.04,45.38
250,-2341.55,1178.16,44.69
251,-2347.76,1178.28,44.04
252,-2353.94,1178.40,42.73
253,-2360.02,1178.52,40.87
254,-2366.26,1178.64,40.43
255,-2373.13,1178.81,39.94
256,-2380.19,1179.29,39.26
257,-2387.27,1179.91,38.14
258,-2393.59,1180.47,36.46
259,-2399.86,1181.03,34.36
260,-2405.58,1181.55,34.62
261,-2411.94,1182.17,34.76
262,-2418.27,1183.07,34.67
263,-2424.55,1184.37,34.68
264,-2431.44,1185.88,34.68
265,-2436.54,1187.01,34.68
266,-2442.41,1188.31,34.68
267,-2449.37,1189.84,34.68
268,-2456.33,1191.30,34.74
269,-2463.41,1192.27,34.94
270,-2469.96,1192.52,35.47
271,-2475.92,1192.33,35.96
272,-2482.95,1192.00,36.46
273,-2489.80,1191.70,37.21
274,-2496.25,1191.43,37.99
275,-2503.12,1191.39,38.84
276,-2509.80,1191.85,39.79
277,-2515.99,1192.43,40.55
278,-2522.66,1193.06,41.31
279,-2528.23,1193.60,41.88
280,-2534.31,1194.20,42.54
281,-2540.35,1194.78,43.16
282,-2546.36,1195.41,43.75
283,-2552.31,1196.37,44.49
284,-2558.03,1197.85,45.31
285,-2564.20,1199.66,46.19
286,-2570.27,1201.49,47.07
287,-2575.84,1203.16,47.87
288,-2581.38,1204.83,48.68
289,-2586.78,1206.42,49.46
290,-2592.72,1208.03,50.31
291,-2598.26,1209.49,51.06
292,-2603.70,1210.87,51.76
293,-2609.76,1211.93,52.53
294,-2615.38,1212.21,53.19
295,-2621.05,1211.94,53.52
296,-2626.36,1211.50,53.87
297,-2631.60,1211.05,54.19
298,-2637.74,1210.54,54.43
299,-2644.45,1209.72,54.75
300,-2649.38,1208.60,55.00
301,-2654.37,1207.46,55.14
302,-2659.61,1207.10,55.09
303,-2665.38,1208.65,55.10
304,-2670.26,1212.36,55.15
305,-2673.13,1217.35,55.22
306,-2674.67,1223.14,55.09
307,-2675.80,1228.14,55.10
308,-2676.60,1233.10,55.10
309,-2676.56,1238.38,55.24
310,-2676.35,1244.06,55.06
311,-2676.19,1249.72,55.10
312,-2676.31,1256.02,55.10
313,-2676.46,1262.56,55.10
314,-2676.62,1268.78,55.10
315,-2676.78,1275.29,55.10
316,-2677.04,1280.91,55.10
317,-2677.39,1287.27,55.10
318,-2677.80,1292.45,55.10
319,-2678.30,1297.83,55.10
320,-2678.92,1303.32,55.10
321,-2679.80,1308.32,55.10
322,-2681.00,1314.41,55.10
323,-2682.15,1320.57,55.18
324,-2682.89,1326.44,55.27
325,-2683.37,1332.38,55.04
326,-2683.80,1338.24,55.09
327,-2684.23,1343.69,55.11
328,-2684.74,1349.67,55.10
329,-2685.29,1356.30,55.10
330,-2685.80,1362.41,55.10
331,-2686.30,1368.55,55.10
332,-2686.69,1375.36,55.10
333,-2687.01,1382.18,55.10
334,-2687.29,1388.43,55.10
335,-2687.49,1394.79,55.10
336,-2687.46,1401.18,55.10
337,-2687.38,1407.61,55.10
338,-2687.29,1413.99,55.10
339,-2687.20,1420.50,55.10
340,-2687.10,1426.98,55.10
341,-2687.01,1433.50,55.10
342,-2686.91,1440.05,55.10
343,-2686.83,1446.05,55.10
344,-2686.72,1453.29,55.10
345,-2686.63,1459.81,55.10
346,-2686.54,1465.91,55.13
347,-2686.44,1472.52,55.74
348,-2686.35,1479.03,56.30
349,-2686.26,1485.53,56.79
350,-2686.16,1492.07,57.32
351,-2686.06,1499.06,57.84
352,-2686.00,1506.14,58.37
353,-2685.98,1512.55,58.83
354,-2685.96,1519.01,59.26
355,-2685.94,1525.43,59.73
356,-2685.92,1532.20,60.16
357,-2685.90,1538.76,60.59
358,-2685.88,1545.15,60.99
359,-2685.87,1551.54,61.37
360,-2685.85,1557.93,61.76
361,-2685.83,1564.22,62.11
362,-2685.81,1570.56,62.48
363,-2685.80,1576.36,62.78
364,-2685.78,1582.72,63.10
365,-2685.76,1589.11,63.44
366,-2685.75,1594.86,63.70
367,-2685.73,1601.22,64.02
368,-2685.72,1607.53,64.31
369,-2685.70,1613.86,64.58
370,-2685.69,1620.81,64.86
371,-2685.67,1626.62,65.08
372,-2685.65,1632.97,65.34
373,-2685.64,1639.37,65.55
374,-2685.62,1645.76,65.78
375,-2685.60,1652.72,66.00
376,-2685.59,1659.12,66.19
377,-2685.57,1665.57,66.39
378,-2685.56,1672.02,66.55
379,-2685.54,1678.50,66.73
380,-2685.52,1685.52,66.88
381,-2685.51,1692.08,67.03
382,-2685.49,1698.53,67.15
383,-2685.48,1705.08,67.26
384,-2685.46,1711.51,67.37
385,-2685.45,1717.52,67.44
386,-2685.43,1724.52,67.54
387,-2685.41,1730.72,67.60
388,-2685.40,1737.29,67.65
389,-2685.38,1744.53,67.71
390,-2685.37,1751.20,67.73
391,-2685.35,1757.88,67.77
392,-2685.34,1764.53,67.76
393,-2685.32,1771.22,67.77
394,-2685.31,1777.99,67.75
395,-2685.30,1784.77,67.71
396,-2685.28,1792.56,67.65
397,-2685.27,1799.47,67.59
398,-2685.25,1805.74,67.52
399,-2685.24,1812.59,67.43
400,-2685.23,1818.82,67.35
401,-2685.22,1825.75,67.23
402,-2685.20,1832.59,67.11
403,-2685.19,1839.61,66.96
404,-2685.18,1846.08,66.82
405,-2685.17,1851.08,66.71
406,-2685.16,1856.20,66.57
407,-2685.15,1861.30,66.44
408,-2685.14,1866.44,66.30
409,-2685.13,1871.60,66.14
410,-2685.12,1876.78,65.98
411,-2685.11,1883.89,65.75
412,-2685.10,1890.37,65.52
413,-2685.09,1895.61,65.35
414,-2685.08,1900.86,65.14
415,-2685.07,1907.98,64.86
416,-2685.01,1915.29,64.56
417,-2684.95,1920.57,64.33
418,-2684.89,1925.84,64.10
419,-2684.81,1932.51,63.79
420,-2684.73,1939.85,63.44
421,-2684.65,1946.61,63.11
422,-2684.59,1952.00,62.82
423,-2684.53,1957.42,62.53
424,-2684.44,1964.81,62.11
425,-2684.39,1972.34,61.69
426,-2684.34,1979.86,61.23
427,-2684.31,1987.41,60.77
428,-2684.27,1995.03,60.28
429,-2684.24,2000.54,59.92
430,-2684.23,2006.07,59.55
431,-2684.26,2012.98,59.06
432,-2684.31,2020.05,58.57
433,-2684.34,2025.61,58.16
434,-2684.38,2031.24,57.74
435,-2684.43,2039.03,57.15
436,-2684.47,2044.72,56.70
437,-2684.51,2049.72,56.31
438,-2684.56,2057.56,55.65
439,-2684.61,2065.36,55.03
440,-2684.64,2070.45,54.99
441,-2684.69,2076.68,55.10
442,-2684.74,2084.03,55.10
443,-2684.78,2089.72,55.09
444,-2684.81,2094.76,55.09
445,-2684.87,2102.39,55.09
446,-2684.90,2107.77,55.09
447,-2684.96,2115.25,55.09
448,-2685.01,2121.98,55.09
449,-2685.15,2129.15,55.09
450,-2685.31,2136.44,55.09
451,-2685.52,2143.81,55.09
452,-2686.10,2150.58,55.10
453,-2686.93,2155.52,55.10
454,-2688.53,2161.94,55.10
455,-2690.26,2168.10,55.10
456,-2692.18,2174.89,55.10
457,-2694.22,2182.08,55.08
458,-2695.60,2186.92,55.04
459,-2697.78,2194.11,54.99
460,-2700.12,2200.57,54.95
461,-2701.95,2205.32,54.94
462,-2704.44,2211.74,54.96
463,-2706.34,2216.50,55.02
464,-2708.32,2221.13,55.14
465,-2710.33,2225.73,55.30
466,-2712.35,2230.32,55.52
467,-2714.36,2234.89,55.77
468,-2716.39,2239.48,56.10
469,-2718.45,2244.03,56.49
470,-2720.74,2248.50,56.88
471,-2724.38,2254.90,57.62
472,-2728.04,2261.23,58.37
473,-2731.71,2267.53,59.27
474,-2735.25,2273.69,60.16
475,-2738.65,2279.86,61.18
476,-2741.76,2285.58,62.12
477,-2745.05,2291.66,63.22
478,-2748.02,2297.12,64.21
479,-2751.12,2303.11,65.37
480,-2753.92,2309.13,66.56
481,-2756.13,2314.65,67.77
482,-2758.27,2320.72,68.95
483,-2760.11,2326.14,70.23
484,-2762.01,2331.91,71.74
485,-2763.70,2337.76,72.94
486,-2765.29,2343.60,73.37
487,-2766.40,2349.30,74.01
488,-2767.34,2355.11,74.82
489,-2768.30,2360.88,75.57
490,-2769.13,2366.67,76.31
491,-2769.66,2372.31,77.59
492,-2770.13,2377.81,79.07
493,-2770.51,2383.24,80.40
494,-2770.69,2388.20,81.65
495,-2770.59,2393.47,82.94
496,-2770.43,2398.71,84.20
497,-2770.26,2403.89,85.46
498,-2770.09,2408.99,86.50
499,-2769.83,2414.15,87.50
500,-2769.42,2420.52,88.77
501,-2769.08,2425.59,89.69
502,-2768.73,2430.69,90.38
503,-2768.39,2435.72,91.13
504,-2768.04,2440.89,91.89
505,-2767.68,2446.34,92.67
506,-2767.26,2452.52,93.11
507,-2766.91,2457.77,93.52
508,-2766.49,2463.96,94.01
509,-2766.04,2470.71,94.53
510,-2765.71,2475.69,94.86
511,-2765.34,2481.18,94.98
512,-2764.99,2486.37,95.14
513,-2764.64,2491.57,95.30
514,-2764.28,2496.83,95.46
515,-2763.87,2502.67,95.64
516,-2763.41,2508.61,95.67
517,-2762.97,2514.15,95.62
518,-2762.48,2520.25,95.61
519,-2762.06,2525.43,95.59
520,-2761.56,2531.73,95.56
521,-2761.04,2538.12,95.37
522,-2760.47,2544.08,95.14
523,-2759.69,2550.29,94.94
524,-2758.85,2555.56,94.76
525,-2757.80,2561.70,94.52
526,-2756.70,2567.86,94.11
527,-2755.23,2574.02,93.73
528,-2752.88,2580.59,93.35
529,-2749.71,2586.83,92.91
530,-2746.51,2591.86,92.43
531,-2742.50,2597.87,91.88
532,-2738.45,2603.89,91.34
533,-2735.01,2608.99,90.85
534,-2730.86,2615.15,90.21
535,-2728.07,2619.32,89.79
536,-2724.52,2624.58,89.28
537,-2720.60,2630.33,88.76
538,-2717.59,2634.42,88.38
539,-2714.21,2638.44,87.99
540,-2709.67,2643.01,87.56
541,-2705.69,2646.39,87.17
542,-2700.19,2650.31,86.61
543,-2695.77,2652.92,86.20
544,-2689.24,2656.04,85.54
545,-2684.36,2657.93,85.03
546,-2677.95,2660.26,84.22
547,-2670.88,2662.79,83.39
548,-2663.83,2665.29,82.63
549,-2658.63,2667.02,82.04
550,-2653.31,2668.49,81.34
551,-2645.73,2669.94,80.40
552,-2640.16,2670.52,79.76
553,-2632.41,2671.06,78.84
554,-2626.76,2671.42,78.14
555,-2621.75,2671.72,77.50
556,-2616.06,2672.07,76.81
557,-2611.06,2672.38,76.20
558,-2606.00,2672.69,75.59
559,-2600.27,2673.00,74.89
560,-2594.42,2673.14,74.19
561,-2589.39,2673.17,73.60
562,-2583.62,2673.18,72.92
563,-2578.58,2673.19,72.33
564,-2572.96,2673.19,71.66
565,-2567.74,2673.19,71.06
566,-2562.03,2673.20,70.44
567,-2556.93,2673.20,69.89
568,-2551.80,2673.21,69.32
569,-2546.83,2673.21,68.77
570,-2541.08,2673.21,68.16
571,-2535.34,2673.19,67.63
572,-2529.52,2673.08,67.11
573,-2523.71,2672.92,66.56
574,-2517.95,2672.75,66.02
575,-2512.07,2672.58,65.54
576,-2504.19,2672.35,65.03
577,-2499.12,2672.20,64.67
578,-2493.36,2672.03,64.26
579,-2488.28,2671.88,63.90
580,-2482.49,2671.76,63.58
581,-2477.36,2671.69,63.31
582,-2472.29,2671.64,63.02
583,-2466.49,2671.58,62.69
584,-2460.72,2671.53,62.37
585,-2454.33,2671.47,62.03
586,-2449.15,2671.42,61.80
587,-2444.07,2671.37,61.57
588,-2438.27,2671.31,61.30
589,-2432.48,2671.26,61.03
590,-2427.32,2671.21,60.79
591,-2422.28,2671.16,60.55
592,-2417.05,2671.12,60.35
593,-2411.38,2671.06,60.13
594,-2406.24,2671.02,59.92
595,-2399.07,2670.95,59.63
596,-2393.42,2670.90,59.40
597,-2385.98,2670.83,59.10
598,-2380.98,2670.78,58.92
599,-2375.19,2670.73,58.71
600,-2369.39,2670.75,58.50
601,-2364.31,2670.95,58.32
602,-2358.49,2671.29,58.10
603,-2352.82,2671.66,57.90
604,-2347.67,2671.99,57.71
605,-2341.83,2672.38,57.51
606,-2336.06,2672.76,57.32
607,-2331.03,2673.09,57.16
608,-2325.23,2673.47,56.96
609,-2320.16,2673.81,56.79
610,-2314.44,2674.18,56.60
611,-2308.59,2674.57,56.40
612,-2303.52,2674.90,56.20
613,-2297.83,2675.28,55.97
614,-2290.56,2675.75,55.67
615,-2284.80,2676.06,55.45
616,-2278.97,2676.21,55.23
617,-2273.91,2676.27,55.06
618,-2268.84,2676.32,55.06
619,-2263.09,2676.36,55.00
620,-2257.36,2676.41,54.80
621,-2251.55,2676.45,54.62
622,-2245.84,2676.50,54.47
623,-2239.98,2676.55,54.31
624,-2234.92,2676.59,54.17
625,-2229.22,2676.63,54.05
626,-2224.18,2676.67,54.01
627,-2218.41,2676.72,53.95
628,-2212.78,2676.76,53.89
629,-2205.55,2676.82,53.80
630,-2197.73,2676.88,53.71
631,-2191.99,2676.86,53.63
632,-2186.27,2676.69,53.56
633,-2181.23,2676.33,53.50
634,-2173.50,2675.36,53.40
635,-2167.97,2674.32,53.32
636,-2163.10,2673.14,53.26
637,-2157.67,2671.65,53.18
638,-2150.15,2669.52,53.07
639,-2144.68,2667.95,53.00
640,-2139.25,2666.40,52.92
641,-2131.80,2664.27,52.81
642,-2126.33,2662.70,52.72
643,-2119.58,2660.77,52.61
644,-2112.19,2658.65,52.49
645,-2104.73,2656.43,52.37
646,-2098.03,2654.26,52.26
647,-2090.67,2651.82,52.13
648,-2083.35,2649.37,52.01
649,-2076.01,2646.91,51.88
650,-2070.67,2645.13,51.78
651,-2065.36,2643.35,51.68
652,-2058.03,2640.90,51.55
653,-2050.72,2638.46,51.41
654,-2043.38,2636.00,51.27
655,-2036.08,2633.56,51.12
656,-2028.75,2631.12,50.79
657,-2023.50,2629.36,50.74
658,-2016.11,2626.88,50.68
659,-2008.90,2624.50,50.58
660,-2003.64,2622.85,50.45
661,-1998.77,2621.47,50.29
662,-1993.36,2620.01,50.14
663,-1987.98,2618.56,49.99
664,-1982.54,2617.16,49.73
665,-1977.02,2615.94,49.44
666,-1971.47,2615.05,49.18
667,-1965.92,2614.54,48.83
668,-1960.28,2614.31,48.38
669,-1954.58,2614.19,47.94
670,-1949.00,2614.09,47.57
671,-1943.29,2614.03,47.15
672,-1937.65,2614.13,46.94
673,-1932.62,2614.47,46.88
674,-1927.00,2615.19,46.99
675,-1921.61,2616.23,47.33
676,-1914.16,2618.29,47.88
677,-1909.16,2620.15,48.33
678,-1904.51,2622.27,48.74
679,-1900.09,2624.69,49.14
680,-1894.30,2628.45,49.72
681,-1888.70,2632.33,50.31
682,-1883.18,2636.24,50.89
683,-1877.51,2640.80,51.49
684,-1872.99,2645.28,52.01
685,-1868.52,2650.15,52.46
686,-1864.45,2654.62,52.89
687,-1860.36,2659.07,53.24
688,-1855.70,2663.60,53.58
689,-1851.23,2667.11,53.86
690,-1846.13,2670.10,54.14
691,-1840.15,2672.65,54.84
692,-1834.95,2674.28,55.32
693,-1830.16,2675.76,55.16
694,-1824.26,2677.01,56.29
695,-1818.68,2677.87,57.42
696,-1813.52,2678.65,57.34
697,-1808.09,2679.49,56.12
698,-1802.63,2681.54,56.90
699,-1798.32,2684.60,57.29
700,-1794.01,2688.16,57.83
701,-1789.79,2691.25,58.29
702,-1784.52,2693.88,58.70
703,-1779.42,2695.20,59.09
704,-1773.79,2693.99,59.23
705,-1768.75,2691.61,59.27
706,-1763.65,2689.17,59.29
707,-1758.46,2687.43,59.32
708,-1753.40,2686.51,59.25
709,-1747.35,2685.36,59.10
710,-1741.79,2683.63,59.25
711,-1737.00,2681.79,59.29
712,-1730.98,2679.39,59.82
713,-1726.22,2677.48,60.63
714,-1720.35,2674.85,61.63
715,-1715.18,2671.58,62.30
716,-1710.29,2667.83,62.58
717,-1704.96,2663.67,62.80
718,-1699.65,2659.53,63.39
719,-1695.46,2656.27,64.54
720,-1690.63,2652.51,65.90
721,-1685.97,2648.88,67.51
722,-1681.06,2645.06,69.21
723,-1676.62,2641.59,70.86
724,-1672.09,2637.65,72.43
725,-1668.18,2633.36,74.05
726,-1664.78,2628.90,75.21
727,-1661.58,2624.61,76.47
728,-1658.36,2619.27,77.49
729,-1656.58,2614.41,78.45
730,-1655.68,2608.88,79.31
731,-1655.16,2603.95,80.02
732,-1654.53,2597.71,80.95
733,-1653.89,2591.42,81.64
734,-1653.26,2585.10,82.40
735,-1652.76,2578.66,82.96
736,-1652.61,2572.06,83.53
737,-1652.54,2565.47,84.00
738,-1652.62,2558.32,84.37
739,-1652.71,2553.20,84.66
740,-1652.80,2548.10,84.77
741,-1652.88,2542.96,84.86
742,-1652.72,2536.21,84.98
743,-1652.37,2530.39,85.02
744,-1651.94,2524.52,85.08
745,-1651.52,2519.42,85.20
746,-1650.99,2514.14,85.34
747,-1650.00,2509.19,85.47
748,-1648.10,2503.55,85.67
749,-1646.05,2498.43,85.85
750,-1643.72,2493.92,86.06
751,-1641.68,2489.31,86.52
752,-1640.89,2487.51,86.59
753,-1639.63,2485.28,86.60
754,-1638.08,2482.38,86.42
755,-1637.40,2481.14,86.34
756,-1637.41,2481.15,86.34
