1,-1574.80,82.17,3.54,VEHICLE,0,0
2,-1574.80,82.17,3.54,VEHICLE,0,0
3,-1574.80,82.17,3.54,VEHICLE,0,0
4,-1574.81,82.16,3.54,VEHICLE,0,0
5,-1574.89,81.98,3.55,VEHICLE,0,0
6,-1576.00,80.54,3.55,VEHICLE,0,0
7,-1579.14,78.46,3.55,VEHICLE,0,0
8,-1583.79,75.59,3.55,VEHICLE,0,0
9,-1588.13,72.80,3.55,VEHICLE,0,0
10,-1592.55,69.51,3.55,VEHICLE,0,0
11,-1596.91,66.21,3.55,VEHICLE,0,0
12,-1601.61,62.68,3.55,VEHICLE,0,0
13,-1605.62,59.69,3.55,VEHICLE,0,0
14,-1610.66,55.91,3.55,VEHICLE,0,0
15,-1615.01,52.63,3.55,VEHICLE,0,0
16,-1619.55,49.31,3.55,VEHICLE,0,0
17,-1624.21,45.94,3.55,VEHICLE,0,0
18,-1629.11,42.68,3.55,VEHICLE,0,0
19,-1634.09,39.62,3.55,VEHICLE,0,0
20,-1639.15,36.70,3.55,VEHICLE,0,0
21,-1644.61,34.52,3.54,VEHICLE,0,0
22,-1649.99,32.96,3.55,VEHICLE,0,0
23,-1655.36,31.68,3.55,VEHICLE,0,0
24,-1660.67,30.55,3.54,VEHICLE,0,0
25,-1666.69,30.26,3.54,VEHICLE,0,0
26,-1672.28,31.77,3.54,VEHICLE,0,0
27,-1677.28,34.22,3.55,VEHICLE,0,0
28,-1682.66,36.83,3.55,VEHICLE,0,0
29,-1688.62,38.70,3.55,VEHICLE,0,0
30,-1694.51,39.14,3.54,VEHICLE,0,0
31,-1700.34,38.71,3.55,VEHICLE,0,0
32,-1705.60,37.81,3.54,VEHICLE,0,0
33,-1710.87,36.11,3.55,VEHICLE,0,0
34,-1716.04,34.31,3.55,VEHICLE,0,0
35,-1721.61,32.40,3.55,VEHICLE,0,0
36,-1726.60,30.75,3.55,VEHICLE,0,0
37,-1731.48,29.38,3.54,VEHICLE,0,0
38,-1737.06,29.09,3.54,VEHICLE,0,0
39,-1742.63,29.48,3.54,VEHICLE,0,0
40,-1747.07,32.40,3.54,VEHICLE,0,0
41,-1749.34,37.73,3.54,VEHICLE,0,0
42,-1748.72,43.63,3.55,VEHICLE,0,0
43,-1747.79,48.64,3.55,VEHICLE,0,0
44,-1747.04,53.69,3.55,VEHICLE,0,0
45,-1747.11,59.26,3.55,VEHICLE,0,0
46,-1747.39,65.41,3.55,VEHICLE,0,0
47,-1747.63,70.87,3.55,VEHICLE,0,0
48,-1747.83,76.01,3.55,VEHICLE,0,0
49,-1748.04,81.21,3.55,VEHICLE,0,0
50,-1748.28,86.95,3.55,VEHICLE,0,0
51,-1748.52,92.78,3.55,VEHICLE,0,0
52,-1748.81,98.76,3.55,VEHICLE,0,0
53,-1749.59,104.83,3.55,VEHICLE,0,0
54,-1750.45,110.68,3.55,VEHICLE,0,0
55,-1751.38,117.04,3.55,VEHICLE,0,0
56,-1752.46,123.02,3.55,VEHICLE,0,0
57,-1753.59,127.93,3.55,VEHICLE,0,0
58,-1755.11,134.06,3.55,VEHICLE,0,0
59,-1756.57,139.05,3.55,VEHICLE,0,0
60,-1758.05,143.98,3.69,VEHICLE,0,0
61,-1759.54,148.78,4.17,VEHICLE,0,0
62,-1761.48,154.43,4.80,VEHICLE,0,0
63,-1763.51,160.00,5.46,VEHICLE,0,0
64,-1765.48,164.91,6.05,VEHICLE,0,0
65,-1768.82,170.10,6.70,VEHICLE,0,0
66,-1772.85,173.35,7.40,VEHICLE,0,0
67,-1777.61,175.12,8.49,VEHICLE,0,0
68,-1783.10,176.16,9.94,VEHICLE,0,0
69,-1788.17,177.01,11.62,VEHICLE,0,0
70,-1793.53,178.95,13.26,VEHICLE,0,0
71,-1798.23,182.10,14.47,VEHICLE,0,0
72,-1801.56,186.26,14.96,VEHICLE,0,0
73,-1804.02,191.34,15.02,VEHICLE,0,0
74,-1806.04,196.29,15.04,VEHICLE,0,0
75,-1807.91,201.32,14.96,VEHICLE,0,0
76,-1808.83,207.07,14.95,VEHICLE,0,0
77,-1808.74,212.94,14.95,VEHICLE,0,0
78,-1808.58,219.11,14.95,VEHICLE,0,0
79,-1808.04,224.16,14.95,VEHICLE,0,0
80,-1807.25,229.25,14.95,VEHICLE,0,0
81,-1806.38,234.53,14.95,VEHICLE,0,0
82,-1804.93,239.75,14.95,VEHICLE,0,0
83,-1802.77,244.34,14.95,VEHICLE,0,0
84,-1799.87,249.54,14.84,VEHICLE,0,0
85,-1796.92,254.48,14.43,VEHICLE,0,0
86,-1793.36,259.18,13.96,VEHICLE,0,0
87,-1789.39,263.86,13.31,VEHICLE,0,0
88,-1785.54,268.33,12.63,VEHICLE,0,0
89,-1781.30,273.29,11.71,VEHICLE,0,0
90,-1778.03,277.14,10.96,VEHICLE,0,0
91,-1774.46,281.35,10.10,VEHICLE,0,0
92,-1770.10,286.46,8.91,VEHICLE,0,0
93,-1766.63,290.53,8.07,VEHICLE,0,0
94,-1763.03,294.75,7.58,VEHICLE,0,0
95,-1759.36,299.56,7.15,VEHICLE,0,0
96,-1756.30,304.89,6.96,VEHICLE,0,0
97,-1754.35,310.12,7.00,VEHICLE,0,0
98,-1753.03,316.99,7.02,VEHICLE,0,0
99,-1752.92,322.81,7.02,VEHICLE,0,0
100,-1753.78,327.95,7.14,VEHICLE,0,0
101,-1755.81,332.93,7.67,VEHICLE,0,0
102,-1759.50,338.15,8.60,VEHICLE,0,0
103,-1764.27,342.39,9.76,VEHICLE,0,0
104,-1769.43,345.05,11.19,VEHICLE,0,0
105,-1774.29,346.80,12.72,VEHICLE,0,0
106,-1778.98,348.39,14.17,VEHICLE,0,0
107,-1783.70,350.30,15.46,VEHICLE,0,0
108,-1788.67,353.15,16.49,VEHICLE,0,0
109,-1793.24,356.16,16.85,VEHICLE,0,0
110,-1797.98,359.67,17.06,VEHICLE,0,0
111,-1802.46,363.92,17.02,VEHICLE,0,0
112,-1806.28,367.72,17.01,VEHICLE,0,0
113,-1810.47,371.89,17.01,VEHICLE,0,0
114,-1815.06,376.40,17.01,VEHICLE,0,0
115,-1818.75,380.02,17.01,VEHICLE,0,0
116,-1822.59,384.09,17.02,VEHICLE,0,0
117,-1825.68,388.41,17.04,VEHICLE,0,0
118,-1828.66,393.39,17.05,VEHICLE,0,0
119,-1831.51,398.61,17.02,VEHICLE,0,0
120,-1833.51,403.80,17.01,VEHICLE,0,0
121,-1835.04,409.69,17.07,VEHICLE,0,0
122,-1836.28,415.77,17.15,VEHICLE,0,0
123,-1836.83,422.11,17.16,VEHICLE,0,0
124,-1836.48,427.90,17.16,VEHICLE,0,0
125,-1835.20,434.02,17.23,VEHICLE,0,0
126,-1833.17,439.98,17.51,VEHICLE,0,0
127,-1830.87,445.36,17.91,VEHICLE,0,0
128,-1828.42,451.08,18.47,VEHICLE,0,0
129,-1825.96,456.92,19.11,VEHICLE,0,0
130,-1824.06,461.48,19.93,VEHICLE,0,0
131,-1821.68,467.11,21.06,VEHICLE,0,0
132,-1819.58,472.63,22.37,VEHICLE,0,0
133,-1818.35,478.23,23.65,VEHICLE,0,0
134,-1818.29,483.69,24.90,VEHICLE,0,0
135,-1819.51,489.81,26.22,VEHICLE,0,0
136,-1821.04,495.02,27.26,VEHICLE,0,0
137,-1823.60,500.29,28.36,VEHICLE,0,0
138,-1826.53,504.73,29.48,VEHICLE,0,0
139,-1830.02,509.30,30.68,VEHICLE,0,0
140,-1833.64,512.84,31.66,VEHICLE,0,0
141,-1837.39,516.36,32.50,VEHICLE,0,0
142,-1841.16,519.63,32.96,VEHICLE,0,0
143,-1846.03,523.30,33.46,VEHICLE,0,0
144,-1851.03,527.05,33.80,VEHICLE,0,0
145,-1855.64,530.53,34.04,VEHICLE,0,0
146,-1859.99,533.90,34.16,VEHICLE,0,0
147,-1863.92,537.43,34.17,VEHICLE,0,0
148,-1868.47,541.61,34.21,VEHICLE,0,0
149,-1872.29,545.12,34.27,VEHICLE,0,0
150,-1876.45,548.93,34.34,VEHICLE,0,0
151,-1880.72,552.84,34.39,VEHICLE,0,0
152,-1885.08,556.83,34.44,VEHICLE,0,0
153,-1889.53,560.84,34.65,VEHICLE,0,0
154,-1894.77,564.58,34.92,VEHICLE,0,0
155,-1900.29,567.23,34.96,VEHICLE,0,0
156,-1906.58,568.54,35.03,VEHICLE,0,0
157,-1912.36,568.53,35.12,VEHICLE,0,0
158,-1918.51,568.14,35.21,VEHICLE,0,0
159,-1924.36,567.88,35.26,VEHICLE,0,0
160,-1929.48,567.94,35.26,VEHICLE,0,0
161,-1934.67,568.06,35.26,VEHICLE,0,0
162,-1939.78,568.18,35.26,VEHICLE,0,0
163,-1946.08,568.31,35.26,VEHICLE,0,0
164,-1951.43,568.40,35.26,VEHICLE,0,0
165,-1956.84,568.50,35.26,VEHICLE,0,0
166,-1962.31,568.53,35.27,VEHICLE,0,0
167,-1967.80,568.48,35.27,VEHICLE,0,0
168,-1972.85,568.41,35.29,VEHICLE,0,0
169,-1978.52,568.35,35.22,VEHICLE,0,0
170,-1984.09,568.28,35.17,VEHICLE,0,0
171,-1989.23,568.22,35.16,VEHICLE,0,0
172,-1994.88,568.15,35.15,VEHICLE,0,0
173,-2000.57,568.08,35.09,VEHICLE,0,0
174,-2005.76,568.02,35.01,VEHICLE,0,0
175,-2011.32,567.96,35.01,VEHICLE,0,0
176,-2016.90,567.89,35.01,VEHICLE,0,0
177,-2022.49,567.82,35.01,VEHICLE,0,0
178,-2028.04,567.76,35.01,VEHICLE,0,0
179,-2033.72,567.69,35.01,VEHICLE,0,0
180,-2039.43,567.62,35.01,VEHICLE,0,0
181,-2044.92,567.55,35.01,VEHICLE,0,0
182,-2050.47,567.49,35.01,VEHICLE,0,0
183,-2055.58,567.43,35.01,VEHICLE,0,0
184,-2061.62,567.35,35.01,VEHICLE,0,0
185,-2067.15,567.29,35.01,VEHICLE,0,0
186,-2072.77,567.39,35.01,VEHICLE,0,0
187,-2078.80,567.58,35.01,VEHICLE,0,0
188,-2084.40,567.77,35.01,VEHICLE,0,0
189,-2089.93,567.95,35.01,VEHICLE,0,0
190,-2095.53,568.13,35.01,VEHICLE,0,0
191,-2101.09,568.31,35.01,VEHICLE,0,0
192,-2106.67,568.32,35.01,VEHICLE,0,0
193,-2112.72,568.25,35.01,VEHICLE,0,0
194,-2118.32,568.17,35.01,VEHICLE,0,0
195,-2123.41,568.10,35.01,VEHICLE,0,0
196,-2129.43,568.03,35.01,VEHICLE,0,0
197,-2135.00,568.02,35.01,VEHICLE,0,0
198,-2140.67,568.07,35.01,VEHICLE,0,0
199,-2146.18,568.11,35.01,VEHICLE,0,0
200,-2151.78,568.16,35.01,VEHICLE,0,0
201,-2157.62,568.21,35.01,VEHICLE,0,0
202,-2162.91,568.25,35.01,VEHICLE,0,0
203,-2168.53,568.30,35.01,VEHICLE,0,0
204,-2174.11,568.34,35.01,VEHICLE,0,0
205,-2179.65,568.39,35.01,VEHICLE,0,0
206,-2185.22,568.43,35.01,VEHICLE,0,0
207,-2190.31,568.47,35.01,VEHICLE,0,0
208,-2195.91,568.52,35.01,VEHICLE,0,0
209,-2201.51,568.57,35.01,VEHICLE,0,0
210,-2207.03,568.61,35.01,VEHICLE,0,0
211,-2212.64,568.66,35.01,VEHICLE,0,0
212,-2218.21,568.70,35.01,VEHICLE,0,0
213,-2223.29,568.74,35.01,VEHICLE,0,0
214,-2228.87,568.79,35.01,VEHICLE,0,0
215,-2234.39,568.82,35.01,VEHICLE,0,0
216,-2239.52,568.66,35.01,VEHICLE,0,0
217,-2245.04,568.44,35.01,VEHICLE,0,0
218,-2250.61,568.19,35.01,VEHICLE,0,0
219,-2256.17,567.95,35.01,VEHICLE,0,0
220,-2261.76,567.71,35.01,VEHICLE,0,0
221,-2267.31,567.48,35.01,VEHICLE,0,0
222,-2272.84,567.25,35.01,VEHICLE,0,0
223,-2278.46,567.14,35.01,VEHICLE,0,0
224,-2283.99,567.09,35.01,VEHICLE,0,0
225,-2289.50,567.06,35.01,VEHICLE,0,0
226,-2295.03,567.02,35.01,VEHICLE,0,0
227,-2300.31,566.98,34.76,VEHICLE,0,0
228,-2305.60,566.95,33.82,VEHICLE,0,0
229,-2312.06,566.90,32.52,VEHICLE,0,0
230,-2317.11,566.86,31.61,VEHICLE,0,0
231,-2323.39,566.81,30.48,VEHICLE,0,0
232,-2329.93,566.76,29.30,VEHICLE,0,0
233,-2336.43,566.72,28.12,VEHICLE,0,0
234,-2341.45,566.68,27.22,VEHICLE,0,0
235,-2346.48,566.64,26.31,VEHICLE,0,0
236,-2351.56,566.60,25.39,VEHICLE,0,0
237,-2356.62,566.57,24.73,VEHICLE,0,0
238,-2361.68,566.60,24.67,VEHICLE,0,0
239,-2367.16,567.09,24.73,VEHICLE,0,0
240,-2373.50,568.76,24.73,VEHICLE,0,0
241,-2379.39,571.91,24.73,VEHICLE,0,0
242,-2383.75,575.96,24.73,VEHICLE,0,0
243,-2386.73,580.71,24.93,VEHICLE,0,0
244,-2387.94,585.75,25.77,VEHICLE,0,0
245,-2387.74,590.89,26.74,VEHICLE,0,0
246,-2387.20,595.89,27.64,VEHICLE,0,0
247,-2386.59,602.05,28.75,VEHICLE,0,0
248,-2386.05,608.03,29.83,VEHICLE,0,0
249,-2385.47,614.07,30.93,VEHICLE,0,0
250,-2384.88,620.18,32.03,VEHICLE,0,0
251,-2384.40,625.16,32.93,VEHICLE,0,0
252,-2383.92,630.18,33.84,VEHICLE,0,0
253,-2383.44,635.27,34.72,VEHICLE,0,0
254,-2382.91,640.90,35.08,VEHICLE,0,0
255,-2382.43,646.09,35.01,VEHICLE,0,0
256,-2381.96,651.09,35.01,VEHICLE,0,0
257,-2381.32,656.96,35.01,VEHICLE,0,0
258,-2379.74,661.99,35.00,VEHICLE,0,0
259,-2376.66,666.22,35.00,VEHICLE,0,0
260,-2372.39,669.01,35.00,VEHICLE,0,0
261,-2367.45,670.00,35.01,VEHICLE,0,0
262,-2362.09,670.13,35.01,VEHICLE,0,0
263,-2356.31,670.30,35.14,VEHICLE,0,0
264,-2350.47,670.52,36.05,VEHICLE,0,0
265,-2344.53,670.74,37.36,VEHICLE,0,0
266,-2338.59,670.93,38.62,VEHICLE,0,0
267,-2332.57,671.06,39.80,VEHICLE,0,0
268,-2326.77,671.13,40.91,VEHICLE,0,0
269,-2321.21,671.20,41.98,VEHICLE,0,0
270,-2316.24,671.26,42.90,VEHICLE,0,0
271,-2310.21,671.33,43.99,VEHICLE,0,0
272,-2304.11,671.40,45.09,VEHICLE,0,0
273,-2298.89,671.47,46.03,VEHICLE,0,0
274,-2293.81,671.47,46.95,VEHICLE,0,0
275,-2288.20,670.68,47.96,VEHICLE,0,0
276,-2282.78,669.54,48.91,VEHICLE,0,0
277,-2277.40,668.01,49.33,VEHICLE,0,0
278,-2271.55,665.44,49.29,VEHICLE,0,0
279,-2266.84,661.60,49.28,VEHICLE,0,0
280,-2263.59,656.54,49.29,VEHICLE,0,0
281,-2262.19,650.82,49.29,VEHICLE,0,0
282,-2262.29,644.57,49.29,VEHICLE,0,0
283,-2262.57,639.39,49.26,VEHICLE,0,0
284,-2262.84,633.95,48.62,VEHICLE,0,0
285,-2263.08,628.42,47.13,VEHICLE,0,0
286,-2263.34,622.09,45.56,VEHICLE,0,0
287,-2263.63,615.70,43.98,VEHICLE,0,0
288,-2263.83,610.71,42.75,VEHICLE,0,0
289,-2263.71,605.47,41.45,VEHICLE,0,0
290,-2263.10,600.01,40.10,VEHICLE,0,0
291,-2262.31,594.38,38.71,VEHICLE,0,0
292,-2261.16,588.57,37.27,VEHICLE,0,0
293,-2259.36,582.76,35.83,VEHICLE,0,0
294,-2257.07,577.61,35.00,VEHICLE,0,0
295,-2253.78,572.44,34.95,VEHICLE,0,0
296,-2249.83,567.97,35.00,VEHICLE,0,0
297,-2245.41,564.33,35.00,VEHICLE,0,0
298,-2240.60,561.51,35.00,VEHICLE,0,0
299,-2235.54,559.58,35.00,VEHICLE,0,0
300,-2230.42,558.54,35.00,VEHICLE,0,0
301,-2225.33,558.39,35.00,VEHICLE,0,0
302,-2220.23,559.14,35.00,VEHICLE,0,0
303,-2214.25,560.73,35.01,VEHICLE,0,0
304,-2207.94,562.58,35.01,VEHICLE,0,0
305,-2201.47,563.95,35.01,VEHICLE,0,0
306,-2194.84,564.62,35.01,VEHICLE,0,0
307,-2189.83,565.03,35.01,VEHICLE,0,0
308,-2184.75,565.32,35.01,VEHICLE,0,0
309,-2179.59,565.16,35.01,VEHICLE,0,0
310,-2174.57,564.88,35.01,VEHICLE,0,0
311,-2169.42,564.57,35.01,VEHICLE,0,0
312,-2164.25,564.26,35.01,VEHICLE,0,0
313,-2158.98,563.95,35.01,VEHICLE,0,0
314,-2153.85,563.66,35.01,VEHICLE,0,0
315,-2148.62,563.36,35.01,VEHICLE,0,0
316,-2143.41,563.24,35.01,VEHICLE,0,0
317,-2138.23,563.63,35.01,VEHICLE,0,0
318,-2133.03,564.22,35.01,VEHICLE,0,0
319,-2127.83,564.86,35.01,VEHICLE,0,0
320,-2122.62,565.49,35.01,VEHICLE,0,0
321,-2116.07,566.25,35.01,VEHICLE,0,0
322,-2110.85,566.86,35.01,VEHICLE,0,0
323,-2105.64,567.47,35.01,VEHICLE,0,0
324,-2100.39,568.00,35.01,VEHICLE,0,0
325,-2095.10,568.37,35.01,VEHICLE,0,0
326,-2088.50,568.79,35.01,VEHICLE,0,0
327,-2083.21,569.04,35.01,VEHICLE,0,0
328,-2077.92,568.77,35.01,VEHICLE,0,0
329,-2072.72,567.81,35.01,VEHICLE,0,0
330,-2067.59,566.51,35.01,VEHICLE,0,0
331,-2062.49,565.15,35.01,VEHICLE,0,0
332,-2057.40,563.84,35.01,VEHICLE,0,0
333,-2052.18,562.90,35.01,VEHICLE,0,0
334,-2046.94,562.62,35.01,VEHICLE,0,0
335,-2041.76,563.01,35.00,VEHICLE,0,0
336,-2036.54,563.67,35.01,VEHICLE,0,0
337,-2029.66,564.59,35.01,VEHICLE,0,0
338,-2024.50,565.49,35.01,VEHICLE,0,0
339,-2019.49,566.96,35.01,VEHICLE,0,0
340,-2013.70,569.75,35.00,VEHICLE,0,0
341,-2009.53,572.63,35.00,VEHICLE,0,0
342,-2005.40,575.81,35.01,VEHICLE,0,0
343,-2000.25,579.46,35.01,VEHICLE,0,0
344,-1995.75,581.79,35.03,VEHICLE,0,0
345,-1989.31,583.40,35.19,VEHICLE,0,0
346,-1984.29,583.46,35.25,VEHICLE,0,0
347,-1977.82,582.40,35.27,VEHICLE,0,0
348,-1971.30,581.02,35.28,VEHICLE,0,0
349,-1966.33,579.97,35.19,VEHICLE,0,0
350,-1961.35,578.98,35.16,VEHICLE,0,0
351,-1956.30,578.18,35.16,VEHICLE,0,0
352,-1951.12,577.62,35.16,VEHICLE,0,0
353,-1945.49,577.05,35.16,VEHICLE,0,0
354,-1940.20,576.51,35.16,VEHICLE,0,0
355,-1934.90,575.95,35.16,VEHICLE,0,0
356,-1929.55,575.03,35.16,VEHICLE,0,0
357,-1924.26,573.89,35.17,VEHICLE,0,0
358,-1918.85,572.69,35.20,VEHICLE,0,0
359,-1913.91,571.59,35.16,VEHICLE,0,0
360,-1908.40,570.37,35.08,VEHICLE,0,0
361,-1902.94,568.92,35.06,VEHICLE,0,0
362,-1897.98,567.18,35.02,VEHICLE,0,0
363,-1892.78,564.91,34.93,VEHICLE,0,0
364,-1887.82,562.11,34.72,VEHICLE,0,0
365,-1883.43,559.25,34.47,VEHICLE,0,0
366,-1878.63,556.06,34.38,VEHICLE,0,0
367,-1873.88,552.69,34.34,VEHICLE,0,0
368,-1869.13,549.17,34.28,VEHICLE,0,0
369,-1864.34,545.59,34.21,VEHICLE,0,0
370,-1859.96,542.30,34.16,VEHICLE,0,0
371,-1855.09,538.69,34.14,VEHICLE,0,0
372,-1850.06,535.27,34.01,VEHICLE,0,0
373,-1844.95,531.90,33.72,VEHICLE,0,0
374,-1839.95,528.48,33.36,VEHICLE,0,0
375,-1835.30,524.73,32.83,VEHICLE,0,0
376,-1831.12,520.54,32.25,VEHICLE,0,0
377,-1827.23,516.11,31.22,VEHICLE,0,0
378,-1823.69,511.41,30.12,VEHICLE,0,0
379,-1820.78,506.44,29.01,VEHICLE,0,0
380,-1818.63,501.56,28.06,VEHICLE,0,0
381,-1817.00,495.83,27.14,VEHICLE,0,0
382,-1816.18,489.99,26.16,VEHICLE,0,0
383,-1816.07,484.12,25.06,VEHICLE,0,0
384,-1816.55,478.26,23.75,VEHICLE,0,0
385,-1817.74,472.41,22.43,VEHICLE,0,0
386,-1819.76,466.69,21.11,VEHICLE,0,0
387,-1822.58,461.32,20.01,VEHICLE,0,0
388,-1826.04,456.41,19.04,VEHICLE,0,0
389,-1829.79,451.59,18.40,VEHICLE,0,0
390,-1833.65,446.69,17.87,VEHICLE,0,0
391,-1837.23,442.09,17.43,VEHICLE,0,0
392,-1840.99,436.99,17.06,VEHICLE,0,0
393,-1844.06,431.60,16.95,VEHICLE,0,0
394,-1846.16,425.87,16.99,VEHICLE,0,0
395,-1847.26,420.04,16.99,VEHICLE,0,0
396,-1847.40,414.22,16.99,VEHICLE,0,0
397,-1846.63,408.59,17.00,VEHICLE,0,0
398,-1844.97,403.25,17.00,VEHICLE,0,0
399,-1841.71,397.07,17.00,VEHICLE,0,0
400,-1838.35,392.86,17.00,VEHICLE,0,0
401,-1834.37,389.22,17.00,VEHICLE,0,0
402,-1828.98,385.05,17.01,VEHICLE,0,0
403,-1824.63,381.77,17.01,VEHICLE,0,0
404,-1820.24,378.43,17.01,VEHICLE,0,0
405,-1815.82,375.03,17.01,VEHICLE,0,0
406,-1811.46,371.40,17.01,VEHICLE,0,0
407,-1807.17,367.74,17.01,VEHICLE,0,0
408,-1802.79,363.99,17.01,VEHICLE,0,0
409,-1798.62,360.29,17.02,VEHICLE,0,0
410,-1794.72,356.35,16.96,VEHICLE,0,0
411,-1790.97,352.43,16.58,VEHICLE,0,0
412,-1787.56,348.81,15.93,VEHICLE,0,0
413,-1784.21,345.23,14.70,VEHICLE,0,0
414,-1780.59,341.42,12.89,VEHICLE,0,0
415,-1776.82,337.61,11.02,VEHICLE,0,0
416,-1773.12,333.89,9.66,VEHICLE,0,0
417,-1768.87,329.61,8.47,VEHICLE,0,0
418,-1764.50,325.21,7.61,VEHICLE,0,0
419,-1760.44,320.99,7.04,VEHICLE,0,0
420,-1756.59,316.55,6.94,VEHICLE,0,0
421,-1752.78,311.94,7.01,VEHICLE,0,0
422,-1749.00,307.35,7.02,VEHICLE,0,0
423,-1745.05,302.55,7.02,VEHICLE,0,0
424,-1741.50,298.09,7.05,VEHICLE,0,0
425,-1738.62,293.45,7.15,VEHICLE,0,0
426,-1736.59,288.45,7.17,VEHICLE,0,0
427,-1735.35,282.03,7.17,VEHICLE,0,0
428,-1735.40,276.92,7.17,VEHICLE,0,0
429,-1736.66,270.91,7.18,VEHICLE,0,0
430,-1739.32,265.01,7.16,VEHICLE,0,0
431,-1742.49,259.29,7.02,VEHICLE,0,0
432,-1744.96,254.88,6.90,VEHICLE,0,0
433,-1747.45,250.38,6.78,VEHICLE,0,0
434,-1750.62,244.64,6.62,VEHICLE,0,0
435,-1752.94,239.96,6.50,VEHICLE,0,0
436,-1755.18,233.85,6.34,VEHICLE,0,0
437,-1757.13,227.49,6.18,VEHICLE,0,0
438,-1758.39,221.08,5.72,VEHICLE,0,0
439,-1759.36,214.75,4.33,VEHICLE,0,0
440,-1759.59,208.74,3.53,VEHICLE,0,0
441,-1759.05,202.91,3.58,VEHICLE,0,0
442,-1757.96,197.30,3.58,VEHICLE,0,0
443,-1756.83,191.93,3.57,VEHICLE,0,0
444,-1755.66,186.45,3.60,VEHICLE,0,0
445,-1754.65,180.81,3.57,VEHICLE,0,0
446,-1754.25,174.64,3.54,VEHICLE,0,0
447,-1754.16,168.31,3.55,VEHICLE,0,0
448,-1754.55,162.67,3.55,VEHICLE,0,0
449,-1754.63,156.66,3.55,VEHICLE,0,0
450,-1754.46,150.63,3.55,VEHICLE,0,0
451,-1753.93,144.14,3.55,VEHICLE,0,0
452,-1753.34,137.95,3.55,VEHICLE,0,0
453,-1752.85,132.85,3.55,VEHICLE,0,0
454,-1752.67,126.42,3.55,VEHICLE,0,0
455,-1752.72,121.14,3.55,VEHICLE,0,0
456,-1752.80,114.98,3.55,VEHICLE,0,0
457,-1752.86,109.69,3.55,VEHICLE,0,0
458,-1752.91,102.92,3.55,VEHICLE,0,0
459,-1752.88,97.47,3.55,VEHICLE,0,0
460,-1752.53,91.03,3.55,VEHICLE,0,0
461,-1752.18,85.51,3.55,VEHICLE,0,0
462,-1751.82,79.88,3.55,VEHICLE,0,0
463,-1751.49,74.22,3.55,VEHICLE,0,0
464,-1751.46,68.55,3.55,VEHICLE,0,0
465,-1751.55,63.39,3.55,VEHICLE,0,0
466,-1751.65,58.21,3.55,VEHICLE,0,0
467,-1751.76,53.13,3.54,VEHICLE,0,0
468,-1751.86,47.68,3.54,VEHICLE,0,0
469,-1751.94,42.65,3.55,VEHICLE,0,0
470,-1752.04,37.09,3.55,VEHICLE,0,0
471,-1752.13,31.59,3.55,VEHICLE,0,0
472,-1752.23,26.18,3.55,VEHICLE,0,0
473,-1752.35,19.86,3.54,VEHICLE,0,0
474,-1752.45,14.02,3.54,VEHICLE,0,0
475,-1752.56,7.98,3.54,VEHICLE,0,0
476,-1752.64,2.20,3.54,VEHICLE,0,0
477,-1752.66,-4.04,3.54,VEHICLE,0,0
478,-1752.14,-9.47,3.54,VEHICLE,0,0
479,-1751.24,-14.46,3.54,VEHICLE,0,0
480,-1750.20,-20.23,3.55,VEHICLE,0,0
481,-1748.75,-25.47,3.55,VEHICLE,0,0
482,-1745.53,-30.02,3.54,VEHICLE,0,0
483,-1740.50,-32.40,3.54,VEHICLE,0,0
484,-1734.87,-31.86,3.55,VEHICLE,0,0
485,-1729.35,-30.64,3.55,VEHICLE,0,0
486,-1724.36,-29.61,3.55,VEHICLE,0,0
487,-1718.73,-28.40,3.55,VEHICLE,0,0
488,-1713.26,-26.42,3.55,VEHICLE,0,0
489,-1708.51,-24.40,3.55,VEHICLE,0,0
490,-1703.49,-21.71,3.55,VEHICLE,0,0
491,-1699.03,-19.06,3.55,VEHICLE,0,0
492,-1694.74,-16.12,3.57,VEHICLE,0,0
493,-1690.68,-12.55,3.56,VEHICLE,0,0
494,-1686.88,-9.10,3.55,VEHICLE,0,0
495,-1682.74,-5.35,3.55,VEHICLE,0,0
496,-1678.02,-1.39,3.55,VEHICLE,0,0
497,-1673.04,2.44,3.55,VEHICLE,0,0
498,-1668.22,6.12,3.55,VEHICLE,0,0
499,-1663.59,10.09,3.55,VEHICLE,0,0
500,-1658.70,14.57,3.55,VEHICLE,0,0
501,-1654.95,18.03,3.55,VEHICLE,0,0
502,-1650.09,22.50,3.55,VEHICLE,0,0
503,-1645.31,26.87,3.55,VEHICLE,0,0
504,-1641.40,30.45,3.55,VEHICLE,0,0
505,-1636.78,34.69,3.55,VEHICLE,0,0
506,-1631.98,39.47,3.55,VEHICLE,0,0
507,-1628.20,43.45,3.55,VEHICLE,0,0
508,-1624.69,47.17,3.55,VEHICLE,0,0
509,-1620.87,51.23,3.55,VEHICLE,0,0
510,-1617.07,55.25,3.55,VEHICLE,0,0
511,-1612.35,59.97,3.55,VEHICLE,0,0
512,-1608.22,63.98,3.55,VEHICLE,0,0
513,-1604.05,68.03,3.55,VEHICLE,0,0
514,-1599.89,72.07,3.55,VEHICLE,0,0
515,-1595.67,76.17,3.55,VEHICLE,0,0
516,-1591.79,79.95,3.55,VEHICLE,0,0
517,-1587.50,84.12,3.55,VEHICLE,0,0
518,-1583.56,87.95,3.55,VEHICLE,0,0
519,-1579.56,91.84,3.55,VEHICLE,0,0
520,-1575.22,96.06,3.55,VEHICLE,0,0
521,-1570.79,100.36,3.55,VEHICLE,0,0
522,-1566.74,104.30,3.55,VEHICLE,0,0
523,-1562.63,108.30,3.55,VEHICLE,0,0
524,-1558.33,112.48,3.55,VEHICLE,0,0
525,-1554.21,116.49,3.55,VEHICLE,0,0
526,-1575.29,82.29,3.54,VEHICLE,0,0
527,-1575.29,82.29,3.54,VEHICLE,0,0
528,-1575.29,82.29,3.54,VEHICLE,0,0
529,-1575.29,82.29,3.54,VEHICLE,0,0
530,-1575.29,82.29,3.54,VEHICLE,0,0
531,-1575.29,82.29,3.54,VEHICLE,0,0
532,-1575.29,82.29,3.54,VEHICLE,0,0
533,-1575.29,82.29,3.54,VEHICLE,0,0
534,-1575.29,82.29,3.54,VEHICLE,0,0
535,-1575.29,82.29,3.54,VEHICLE,0,0
536,-1575.29,82.29,3.54,VEHICLE,0,0
537,-1575.29,82.29,3.54,VEHICLE,0,0
538,-1575.29,82.29,3.54,VEHICLE,0,0
539,-1575.29,82.29,3.54,VEHICLE,0,0
540,-1575.29,82.29,3.54,VEHICLE,0,0
541,-1575.29,82.29,3.54,VEHICLE,0,0
542,-1575.29,82.29,3.54,VEHICLE,0,0
543,-1575.29,82.29,3.54,VEHICLE,0,0
544,-1575.29,82.29,3.54,VEHICLE,0,0
545,-1575.29,82.29,3.54,VEHICLE,0,0
546,-1576.13,81.47,3.55,VEHICLE,0,0
547,-1578.64,79.43,3.55,VEHICLE,0,0
548,-1582.59,75.91,3.55,VEHICLE,0,0
549,-1586.47,72.46,3.55,VEHICLE,0,0
550,-1590.71,68.67,3.55,VEHICLE,0,0
551,-1594.52,65.29,3.55,VEHICLE,0,0
552,-1598.63,61.62,3.55,VEHICLE,0,0
553,-1603.28,57.47,3.55,VEHICLE,0,0
554,-1607.71,53.53,3.55,VEHICLE,0,0
555,-1611.74,49.94,3.55,VEHICLE,0,0
556,-1615.93,46.20,3.55,VEHICLE,0,0
557,-1619.94,42.62,3.55,VEHICLE,0,0
558,-1624.05,38.94,3.57,VEHICLE,0,0
559,-1628.62,35.01,3.55,VEHICLE,0,0
560,-1633.65,31.40,3.55,VEHICLE,0,0
561,-1639.02,27.75,3.55,VEHICLE,0,0
562,-1644.30,24.55,3.55,VEHICLE,0,0
563,-1649.57,21.40,3.55,VEHICLE,0,0
564,-1653.87,18.74,3.55,VEHICLE,0,0
565,-1658.92,15.06,3.55,VEHICLE,0,0
566,-1664.10,11.12,3.55,VEHICLE,0,0
567,-1668.02,7.88,3.55,VEHICLE,0,0
568,-1672.69,3.61,3.55,VEHICLE,0,0
569,-1677.62,-0.96,3.55,VEHICLE,0,0
570,-1682.84,-5.21,3.55,VEHICLE,0,0
571,-1687.36,-8.28,3.55,VEHICLE,0,0
572,-1691.97,-11.29,3.55,VEHICLE,0,0
573,-1696.71,-14.23,3.55,VEHICLE,0,0
574,-1701.06,-16.83,3.55,VEHICLE,0,0
575,-1705.72,-19.63,3.54,VEHICLE,0,0
576,-1710.15,-22.43,3.54,VEHICLE,0,0
577,-1714.54,-25.27,3.55,VEHICLE,0,0
578,-1718.91,-28.10,3.55,VEHICLE,0,0
579,-1723.21,-30.92,3.55,VEHICLE,0,0
580,-1728.40,-34.31,3.55,VEHICLE,0,0
581,-1733.61,-37.85,3.55,VEHICLE,0,0
582,-1737.63,-41.48,3.54,VEHICLE,0,0
583,-1740.85,-45.82,3.54,VEHICLE,0,0
584,-1743.02,-50.89,3.54,VEHICLE,0,0
585,-1743.95,-56.38,3.54,VEHICLE,0,0
586,-1744.26,-61.63,3.55,VEHICLE,0,0
587,-1744.57,-67.67,3.54,VEHICLE,0,0
588,-1744.88,-73.09,3.55,VEHICLE,0,0
589,-1745.21,-78.60,3.55,VEHICLE,0,0
590,-1745.51,-83.84,3.55,VEHICLE,0,0
591,-1745.80,-89.16,3.55,VEHICLE,0,0
592,-1746.11,-94.67,3.55,VEHICLE,0,0
593,-1746.40,-99.77,3.54,VEHICLE,0,0
594,-1747.01,-105.42,3.54,VEHICLE,0,0
595,-1748.70,-110.69,3.54,VEHICLE,0,0
596,-1751.64,-115.18,3.54,VEHICLE,0,0
597,-1755.82,-118.46,3.55,VEHICLE,0,0
598,-1761.29,-119.94,3.57,VEHICLE,0,0
599,-1766.39,-118.75,3.59,VEHICLE,0,0
600,-1769.87,-114.93,3.60,VEHICLE,0,0
601,-1770.50,-109.56,3.64,VEHICLE,0,0
602,-1770.40,-104.19,3.95,VEHICLE,0,0
603,-1770.02,-98.77,4.50,VEHICLE,0,0
604,-1769.02,-93.68,4.98,VEHICLE,0,0
605,-1767.93,-88.62,5.38,VEHICLE,0,0
606,-1766.86,-83.46,5.94,VEHICLE,0,0
607,-1766.13,-78.13,6.60,VEHICLE,0,0
608,-1765.76,-72.67,7.35,VEHICLE,0,0
609,-1765.36,-67.34,8.08,VEHICLE,0,0
610,-1765.42,-61.87,8.69,VEHICLE,0,0
611,-1765.59,-55.85,9.29,VEHICLE,0,0
612,-1765.71,-49.97,9.89,VEHICLE,0,0
613,-1765.41,-44.71,10.42,VEHICLE,0,0
614,-1765.06,-39.49,10.98,VEHICLE,0,0
615,-1764.71,-34.49,11.15,VEHICLE,0,0
616,-1764.70,-29.23,11.03,VEHICLE,0,0
617,-1764.91,-23.14,10.69,VEHICLE,0,0
618,-1765.11,-18.00,10.22,VEHICLE,0,0
619,-1765.15,-12.98,9.86,VEHICLE,0,0
620,-1765.04,-7.05,9.44,VEHICLE,0,0
621,-1764.93,-1.61,9.17,VEHICLE,0,0
622,-1764.81,4.23,8.93,VEHICLE,0,0
623,-1764.71,9.47,8.70,VEHICLE,0,0
624,-1764.59,15.73,8.42,VEHICLE,0,0
625,-1764.48,21.76,8.16,VEHICLE,0,0
626,-1764.37,27.49,7.91,VEHICLE,0,0
627,-1764.26,33.03,7.67,VEHICLE,0,0
628,-1764.16,38.44,7.43,VEHICLE,0,0
629,-1764.05,43.93,7.19,VEHICLE,0,0
630,-1763.94,49.52,6.95,VEHICLE,0,0
631,-1763.83,55.18,6.70,VEHICLE,0,0
632,-1763.72,60.96,6.45,VEHICLE,0,0
633,-1763.61,66.76,6.20,VEHICLE,0,0
634,-1763.51,72.03,5.96,VEHICLE,0,0
635,-1763.40,77.73,5.71,VEHICLE,0,0
636,-1763.30,83.01,5.48,VEHICLE,0,0
637,-1763.17,89.60,5.19,VEHICLE,0,0
638,-1763.05,95.87,4.92,VEHICLE,0,0
639,-1762.54,102.33,4.64,VEHICLE,0,0
640,-1761.62,108.15,4.39,VEHICLE,0,0
641,-1760.64,113.96,4.15,VEHICLE,0,0
642,-1759.58,120.09,3.98,VEHICLE,0,0
643,-1758.11,124.90,3.85,VEHICLE,0,0
644,-1755.88,130.73,3.61,VEHICLE,0,0
645,-1754.16,135.96,3.53,VEHICLE,0,0
646,-1753.93,141.12,3.54,VEHICLE,0,0
647,-1754.75,146.90,3.69,VEHICLE,0,0
648,-1754.67,151.93,3.66,VEHICLE,0,0
649,-1754.57,157.25,3.54,VEHICLE,0,0
650,-1754.54,162.57,3.55,VEHICLE,0,0
651,-1754.61,168.66,3.55,VEHICLE,0,0
652,-1754.63,173.74,3.55,VEHICLE,0,0
653,-1754.77,179.01,3.55,VEHICLE,0,0
654,-1755.38,184.38,3.58,VEHICLE,0,0
655,-1756.50,189.71,3.59,VEHICLE,0,0
656,-1757.78,195.23,3.57,VEHICLE,0,0
657,-1759.03,200.85,3.59,VEHICLE,0,0
658,-1759.54,206.51,3.60,VEHICLE,0,0
659,-1759.64,211.88,3.82,VEHICLE,0,0
660,-1759.36,217.77,4.90,VEHICLE,0,0
661,-1758.49,222.84,5.79,VEHICLE,0,0
662,-1757.33,228.13,6.35,VEHICLE,0,0
663,-1755.99,233.14,6.34,VEHICLE,0,0
664,-1754.10,237.96,6.44,VEHICLE,0,0
665,-1752.11,242.85,6.57,VEHICLE,0,0
666,-1750.11,247.84,6.70,VEHICLE,0,0
667,-1748.09,252.94,6.83,VEHICLE,0,0
668,-1745.87,258.49,6.96,VEHICLE,0,0
669,-1743.89,263.42,7.09,VEHICLE,0,0
670,-1741.70,268.90,7.19,VEHICLE,0,0
671,-1739.67,274.93,7.18,VEHICLE,0,0
672,-1738.66,280.74,7.18,VEHICLE,0,0
673,-1738.22,286.74,7.18,VEHICLE,0,0
674,-1738.52,293.06,7.18,VEHICLE,0,0
675,-1739.59,298.11,7.18,VEHICLE,0,0
676,-1741.77,303.73,7.11,VEHICLE,0,0
677,-1744.25,308.40,7.02,VEHICLE,0,0
678,-1747.99,313.81,7.02,VEHICLE,0,0
679,-1751.55,318.52,7.02,VEHICLE,0,0
680,-1755.16,322.94,7.02,VEHICLE,0,0
681,-1759.84,327.46,7.40,VEHICLE,0,0
682,-1764.60,331.67,8.25,VEHICLE,0,0
683,-1768.32,334.93,9.10,VEHICLE,0,0
684,-1772.67,338.75,10.44,VEHICLE,0,0
685,-1777.11,342.66,12.22,VEHICLE,0,0
686,-1781.12,346.19,14.07,VEHICLE,0,0
687,-1785.08,349.68,15.59,VEHICLE,0,0
688,-1789.25,353.37,16.59,VEHICLE,0,0
689,-1793.18,356.86,16.90,VEHICLE,0,0
690,-1797.30,360.55,17.07,VEHICLE,0,0
691,-1801.16,364.12,17.03,VEHICLE,0,0
692,-1804.86,368.14,17.02,VEHICLE,0,0
693,-1808.78,372.52,17.01,VEHICLE,0,0
694,-1813.00,377.25,17.01,VEHICLE,0,0
695,-1817.12,381.52,17.01,VEHICLE,0,0
696,-1821.55,385.47,17.03,VEHICLE,0,0
697,-1826.16,389.48,17.05,VEHICLE,0,0
698,-1831.09,393.79,17.01,VEHICLE,0,0
699,-1835.76,397.94,17.01,VEHICLE,0,0
700,-1839.51,401.44,17.01,VEHICLE,0,0
701,-1842.93,405.31,17.01,VEHICLE,0,0
702,-1845.72,409.53,17.00,VEHICLE,0,0
703,-1848.23,415.50,17.00,VEHICLE,0,0
704,-1849.27,421.64,17.00,VEHICLE,0,0
705,-1848.79,427.64,17.00,VEHICLE,0,0
706,-1846.89,433.04,17.00,VEHICLE,0,0
707,-1843.77,437.69,17.01,VEHICLE,0,0
708,-1840.26,441.98,17.31,VEHICLE,0,0
709,-1836.82,446.11,17.68,VEHICLE,0,0
710,-1833.40,450.68,18.18,VEHICLE,0,0
711,-1830.82,455.40,18.70,VEHICLE,0,0
712,-1828.27,460.46,19.41,VEHICLE,0,0
713,-1825.92,465.43,20.48,VEHICLE,0,0
714,-1824.12,470.49,21.56,VEHICLE,0,0
715,-1822.47,475.45,22.80,VEHICLE,0,0
716,-1820.87,480.24,23.98,VEHICLE,0,0
717,-1819.47,484.91,25.16,VEHICLE,0,0
718,-1818.73,490.68,26.37,VEHICLE,0,0
719,-1819.36,496.01,27.33,VEHICLE,0,0
720,-1821.83,501.01,28.30,VEHICLE,0,0
721,-1825.16,505.49,29.43,VEHICLE,0,0
722,-1828.89,509.28,30.52,VEHICLE,0,0
723,-1832.87,512.94,31.57,VEHICLE,0,0
724,-1836.95,516.71,32.47,VEHICLE,0,0
725,-1841.15,519.90,32.96,VEHICLE,0,0
726,-1845.71,523.02,33.43,VEHICLE,0,0
727,-1849.83,525.87,33.73,VEHICLE,0,0
728,-1854.66,529.24,33.97,VEHICLE,0,0
729,-1859.54,532.63,34.15,VEHICLE,0,0
730,-1863.68,535.76,34.17,VEHICLE,0,0
731,-1867.68,539.78,34.19,VEHICLE,0,0
732,-1871.20,543.55,34.25,VEHICLE,0,0
733,-1874.51,547.51,34.31,VEHICLE,0,0
734,-1878.15,552.54,34.37,VEHICLE,0,0
735,-1881.13,556.70,34.42,VEHICLE,0,0
736,-1884.83,561.84,34.58,VEHICLE,0,0
737,-1887.87,566.64,34.90,VEHICLE,0,0
738,-1890.10,571.51,34.95,VEHICLE,0,0
739,-1891.84,577.35,34.86,VEHICLE,0,0
740,-1893.23,583.00,34.88,VEHICLE,0,0
741,-1894.21,588.04,34.94,VEHICLE,0,0
742,-1894.64,594.43,35.00,VEHICLE,0,0
743,-1894.80,600.13,35.01,VEHICLE,0,0
744,-1894.94,605.61,35.01,VEHICLE,0,0
745,-1895.12,611.96,35.01,VEHICLE,0,0
746,-1895.29,617.13,35.01,VEHICLE,0,0
747,-1895.78,623.55,35.01,VEHICLE,0,0
748,-1896.35,629.77,35.01,VEHICLE,0,0
749,-1896.91,636.03,35.03,VEHICLE,0,0
750,-1896.99,642.60,35.87,VEHICLE,0,0
751,-1896.88,648.58,37.03,VEHICLE,0,0
752,-1896.75,654.87,38.18,VEHICLE,0,0
753,-1896.66,659.83,39.07,VEHICLE,0,0
754,-1896.56,665.88,40.17,VEHICLE,0,0
755,-1896.46,671.76,41.23,VEHICLE,0,0
756,-1896.36,677.53,42.27,VEHICLE,0,0
757,-1896.26,683.29,43.31,VEHICLE,0,0
758,-1896.16,688.75,44.30,VEHICLE,0,0
759,-1896.06,694.70,45.26,VEHICLE,0,0
760,-1895.95,700.93,45.38,VEHICLE,0,0
761,-1895.85,707.13,45.28,VEHICLE,0,0
762,-1895.75,713.21,45.29,VEHICLE,0,0
763,-1895.65,719.14,45.29,VEHICLE,0,0
764,-1895.57,724.36,45.29,VEHICLE,0,0
765,-1895.58,729.43,45.29,VEHICLE,0,0
766,-1895.60,736.20,45.29,VEHICLE,0,0
767,-1895.63,741.45,45.29,VEHICLE,0,0
768,-1895.65,746.79,45.29,VEHICLE,0,0
769,-1895.67,752.18,45.29,VEHICLE,0,0
770,-1895.69,757.71,45.29,VEHICLE,0,0
771,-1895.72,763.86,44.97,VEHICLE,0,0
772,-1895.74,769.51,44.03,VEHICLE,0,0
773,-1895.76,775.68,42.42,VEHICLE,0,0
774,-1895.79,782.02,41.30,VEHICLE,0,0
775,-1895.82,788.13,40.22,VEHICLE,0,0
776,-1895.85,794.88,39.00,VEHICLE,0,0
777,-1895.87,801.72,37.76,VEHICLE,0,0
778,-1895.90,808.10,36.61,VEHICLE,0,0
779,-1895.93,815.45,35.29,VEHICLE,0,0
780,-1895.96,821.37,34.87,VEHICLE,0,0
781,-1895.87,827.65,34.97,VEHICLE,0,0
782,-1895.60,834.24,35.00,VEHICLE,0,0
783,-1895.31,840.23,35.01,VEHICLE,0,0
784,-1894.95,845.85,35.01,VEHICLE,0,0
785,-1894.28,851.62,35.01,VEHICLE,0,0
786,-1893.55,857.05,35.01,VEHICLE,0,0
787,-1892.80,862.60,35.00,VEHICLE,0,0
788,-1891.98,868.86,35.05,VEHICLE,0,0
789,-1891.33,874.19,35.07,VEHICLE,0,0
790,-1890.80,879.27,35.11,VEHICLE,0,0
791,-1891.58,884.87,35.12,VEHICLE,0,0
792,-1893.62,890.08,35.04,VEHICLE,0,0
793,-1895.15,895.11,35.01,VEHICLE,0,0
794,-1895.51,900.95,35.01,VEHICLE,0,0
795,-1894.34,905.94,35.00,VEHICLE,0,0
796,-1891.58,911.17,35.01,VEHICLE,0,0
797,-1888.41,915.48,35.01,VEHICLE,0,0
798,-1883.75,919.55,35.01,VEHICLE,0,0
799,-1879.02,922.01,35.00,VEHICLE,0,0
800,-1873.74,923.32,35.00,VEHICLE,0,0
801,-1868.53,923.35,35.00,VEHICLE,0,0
802,-1863.22,922.80,35.01,VEHICLE,0,0
803,-1857.57,922.16,35.01,VEHICLE,0,0
804,-1851.58,921.62,34.90,VEHICLE,0,0
805,-1845.79,921.25,34.06,VEHICLE,0,0
806,-1840.04,920.89,32.15,VEHICLE,0,0
807,-1835.53,920.62,30.03,VEHICLE,0,0
808,-1830.63,920.64,28.36,VEHICLE,0,0
809,-1825.05,920.72,26.69,VEHICLE,0,0
810,-1819.66,920.61,25.14,VEHICLE,0,0
811,-1814.15,919.70,24.61,VEHICLE,0,0
812,-1808.83,917.81,24.71,VEHICLE,0,0
813,-1804.01,915.07,24.74,VEHICLE,0,0
814,-1799.21,911.04,24.73,VEHICLE,0,0
815,-1795.16,905.89,24.73,VEHICLE,0,0
816,-1792.51,900.46,24.73,VEHICLE,0,0
817,-1791.09,895.50,24.73,VEHICLE,0,0
818,-1790.46,890.29,24.73,VEHICLE,0,0
819,-1790.49,884.27,24.73,VEHICLE,0,0
820,-1790.71,877.65,24.73,VEHICLE,0,0
821,-1790.87,871.59,24.73,VEHICLE,0,0
822,-1790.93,865.50,24.73,VEHICLE,0,0
823,-1789.93,859.54,24.73,VEHICLE,0,0
824,-1787.44,854.62,24.72,VEHICLE,0,0
825,-1783.66,850.93,24.72,VEHICLE,0,0
826,-1778.60,848.37,24.72,VEHICLE,0,0
827,-1773.62,846.62,24.73,VEHICLE,0,0
828,-1768.59,845.04,24.73,VEHICLE,0,0
829,-1763.42,843.46,24.73,VEHICLE,0,0
830,-1758.49,842.43,24.73,VEHICLE,0,0
831,-1752.53,841.44,24.73,VEHICLE,0,0
832,-1746.33,840.44,24.73,VEHICLE,0,0
833,-1741.12,839.59,24.73,VEHICLE,0,0
834,-1735.70,838.69,24.73,VEHICLE,0,0
835,-1730.60,837.77,24.73,VEHICLE,0,0
836,-1725.72,836.43,24.72,VEHICLE,0,0
837,-1719.88,833.68,24.72,VEHICLE,0,0
838,-1714.99,829.84,24.72,VEHICLE,0,0
839,-1711.40,825.15,24.72,VEHICLE,0,0
840,-1709.23,819.87,24.72,VEHICLE,0,0
841,-1708.54,814.42,24.72,VEHICLE,0,0
842,-1709.16,808.89,24.72,VEHICLE,0,0
843,-1710.15,803.28,24.73,VEHICLE,0,0
844,-1711.00,797.85,24.73,VEHICLE,0,0
845,-1711.31,791.86,24.73,VEHICLE,0,0
846,-1711.48,785.77,24.73,VEHICLE,0,0
847,-1711.64,780.28,24.73,VEHICLE,0,0
848,-1711.84,774.32,24.73,VEHICLE,0,0
849,-1712.03,768.65,24.73,VEHICLE,0,0
850,-1712.25,761.96,24.73,VEHICLE,0,0
851,-1712.41,756.87,24.73,VEHICLE,0,0
852,-1712.62,750.43,24.73,VEHICLE,0,0
853,-1712.78,745.25,24.73,VEHICLE,0,0
854,-1712.79,739.91,24.73,VEHICLE,0,0
855,-1712.68,734.62,24.73,VEHICLE,0,0
856,-1712.54,729.24,24.73,VEHICLE,0,0
857,-1712.40,723.78,24.73,VEHICLE,0,0
858,-1712.27,718.30,24.73,VEHICLE,0,0
859,-1712.14,712.75,24.73,VEHICLE,0,0
860,-1712.01,707.16,24.73,VEHICLE,0,0
861,-1711.87,701.51,24.73,VEHICLE,0,0
862,-1711.74,695.87,24.73,VEHICLE,0,0
863,-1711.71,690.15,24.73,VEHICLE,0,0
864,-1711.77,684.38,24.73,VEHICLE,0,0
865,-1711.83,678.51,24.73,VEHICLE,0,0
866,-1711.93,672.74,24.73,VEHICLE,0,0
867,-1712.37,666.83,24.73,VEHICLE,0,0
868,-1713.03,660.41,24.73,VEHICLE,0,0
869,-1713.69,654.46,24.73,VEHICLE,0,0
870,-1714.53,648.50,24.73,VEHICLE,0,0
871,-1715.95,642.71,24.72,VEHICLE,0,0
872,-1718.06,637.31,24.72,VEHICLE,0,0
873,-1720.57,632.23,24.72,VEHICLE,0,0
874,-1723.17,627.38,24.72,VEHICLE,0,0
875,-1726.11,622.90,24.73,VEHICLE,0,0
876,-1729.52,619.03,24.73,VEHICLE,0,0
877,-1733.43,615.82,24.75,VEHICLE,0,0
878,-1739.22,612.77,24.73,VEHICLE,0,0
879,-1744.97,611.30,24.73,VEHICLE,0,0
880,-1749.97,611.13,25.04,VEHICLE,0,0
881,-1756.03,611.62,26.14,VEHICLE,0,0
882,-1762.37,612.17,27.31,VEHICLE,0,0
883,-1768.23,612.10,28.37,VEHICLE,0,0
884,-1773.97,611.51,29.40,VEHICLE,0,0
885,-1779.28,610.93,30.36,VEHICLE,0,0
886,-1784.85,610.34,31.37,VEHICLE,0,0
887,-1790.03,609.80,32.31,VEHICLE,0,0
888,-1796.08,609.17,33.40,VEHICLE,0,0
889,-1802.10,608.54,34.49,VEHICLE,0,0
890,-1807.79,607.94,35.08,VEHICLE,0,0
891,-1813.17,607.63,35.02,VEHICLE,0,0
892,-1818.35,607.64,35.01,VEHICLE,0,0
893,-1824.00,607.67,35.01,VEHICLE,0,0
894,-1829.45,607.69,35.01,VEHICLE,0,0
895,-1835.00,607.70,35.01,VEHICLE,0,0
896,-1841.09,607.71,35.01,VEHICLE,0,0
897,-1846.92,607.54,35.01,VEHICLE,0,0
898,-1853.27,607.24,35.01,VEHICLE,0,0
899,-1859.35,606.93,35.01,VEHICLE,0,0
900,-1865.54,606.63,35.01,VEHICLE,0,0
901,-1870.54,606.20,35.01,VEHICLE,0,0
902,-1876.51,605.01,35.01,VEHICLE,0,0
903,-1882.14,603.44,35.01,VEHICLE,0,0
904,-1887.87,600.68,35.00,VEHICLE,0,0
905,-1891.98,597.34,35.00,VEHICLE,0,0
906,-1895.01,593.28,35.00,VEHICLE,0,0
907,-1897.11,587.58,34.94,VEHICLE,0,0
908,-1897.21,582.23,34.88,VEHICLE,0,0
909,-1895.62,577.23,34.85,VEHICLE,0,0
910,-1893.61,572.49,34.90,VEHICLE,0,0
911,-1890.63,567.28,34.94,VEHICLE,0,0
912,-1886.87,562.55,34.71,VEHICLE,0,0
913,-1882.74,557.71,34.43,VEHICLE,0,0
914,-1878.96,554.34,34.38,VEHICLE,0,0
915,-1873.90,550.42,34.33,VEHICLE,0,0
916,-1869.27,546.86,34.26,VEHICLE,0,0
917,-1864.84,543.43,34.20,VEHICLE,0,0
918,-1859.99,539.66,34.16,VEHICLE,0,0
919,-1855.33,536.04,34.13,VEHICLE,0,0
920,-1850.00,531.91,33.90,VEHICLE,0,0
921,-1845.31,528.28,33.63,VEHICLE,0,0
922,-1840.60,524.63,33.19,VEHICLE,0,0
923,-1835.72,520.50,32.62,VEHICLE,0,0
924,-1831.33,515.89,31.77,VEHICLE,0,0
925,-1827.45,511.47,30.64,VEHICLE,0,0
926,-1824.54,507.37,29.66,VEHICLE,0,0
927,-1821.61,501.76,28.40,VEHICLE,0,0
928,-1819.84,495.72,27.31,VEHICLE,0,0
929,-1819.24,490.65,26.40,VEHICLE,0,0
930,-1819.35,485.52,25.34,VEHICLE,0,0
931,-1819.98,480.55,24.12,VEHICLE,0,0
932,-1820.91,475.62,22.92,VEHICLE,0,0
933,-1822.04,470.24,21.70,VEHICLE,0,0
934,-1823.60,464.73,20.49,VEHICLE,0,0
935,-1825.78,459.77,19.56,VEHICLE,0,0
936,-1828.58,454.59,18.68,VEHICLE,0,0
937,-1831.48,449.58,18.18,VEHICLE,0,0
938,-1834.65,444.13,17.66,VEHICLE,0,0
939,-1837.74,438.75,17.26,VEHICLE,0,0
940,-1840.72,433.42,16.98,VEHICLE,0,0
941,-1843.07,427.97,16.97,VEHICLE,0,0
942,-1844.35,423.02,17.00,VEHICLE,0,0
943,-1844.71,417.41,17.08,VEHICLE,0,0
944,-1844.15,411.88,17.09,VEHICLE,0,0
945,-1842.66,405.48,17.00,VEHICLE,0,0
946,-1839.89,399.73,17.00,VEHICLE,0,0
947,-1835.83,394.53,17.01,VEHICLE,0,0
948,-1831.15,389.78,17.01,VEHICLE,0,0
949,-1826.57,385.36,17.01,VEHICLE,0,0
950,-1822.88,381.79,17.01,VEHICLE,0,0
951,-1819.11,378.13,17.01,VEHICLE,0,0
952,-1814.70,373.83,17.01,VEHICLE,0,0
953,-1810.89,370.13,17.01,VEHICLE,0,0
954,-1806.07,365.46,17.01,VEHICLE,0,0
955,-1802.18,361.68,17.01,VEHICLE,0,0
956,-1797.46,357.10,17.01,VEHICLE,0,0
957,-1792.78,352.56,16.69,VEHICLE,0,0
958,-1788.42,348.32,15.93,VEHICLE,0,0
959,-1784.01,344.03,14.34,VEHICLE,0,0
960,-1779.43,339.62,12.12,VEHICLE,0,0
961,-1775.58,335.94,10.44,VEHICLE,0,0
962,-1771.54,332.07,9.13,VEHICLE,0,0
963,-1767.55,328.24,8.18,VEHICLE,0,0
964,-1763.20,324.04,7.41,VEHICLE,0,0
965,-1759.36,320.12,6.98,VEHICLE,0,0
966,-1755.59,316.15,6.97,VEHICLE,0,0
967,-1751.56,311.86,7.02,VEHICLE,0,0
968,-1748.12,307.68,7.02,VEHICLE,0,0
969,-1745.01,302.89,7.02,VEHICLE,0,0
970,-1742.29,298.08,7.05,VEHICLE,0,0
971,-1739.79,293.25,7.15,VEHICLE,0,0
972,-1737.95,288.33,7.17,VEHICLE,0,0
973,-1736.81,282.09,7.18,VEHICLE,0,0
974,-1737.03,275.93,7.17,VEHICLE,0,0
975,-1738.54,270.22,7.17,VEHICLE,0,0
976,-1740.70,264.64,7.15,VEHICLE,0,0
977,-1742.82,259.38,7.02,VEHICLE,0,0
978,-1744.67,254.71,6.90,VEHICLE,0,0
979,-1747.10,248.89,6.75,VEHICLE,0,0
980,-1749.45,244.27,6.62,VEHICLE,0,0
981,-1752.56,238.46,6.47,VEHICLE,0,0
982,-1754.98,233.90,6.34,VEHICLE,0,0
983,-1757.41,227.72,6.19,VEHICLE,0,0
984,-1758.67,221.77,5.80,VEHICLE,0,0
985,-1759.59,215.82,4.60,VEHICLE,0,0
986,-1759.71,209.94,3.64,VEHICLE,0,0
987,-1758.31,204.07,3.56,VEHICLE,0,0
988,-1756.47,198.90,3.56,VEHICLE,0,0
989,-1754.85,192.85,3.54,VEHICLE,0,0
990,-1754.57,186.93,3.54,VEHICLE,0,0
991,-1754.65,181.31,3.54,VEHICLE,0,0
992,-1754.64,176.28,3.55,VEHICLE,0,0
993,-1754.59,171.06,3.55,VEHICLE,0,0
994,-1754.55,165.97,3.55,VEHICLE,0,0
995,-1754.52,160.77,3.55,VEHICLE,0,0
996,-1754.49,155.04,3.55,VEHICLE,0,0
997,-1754.45,149.18,3.55,VEHICLE,0,0
998,-1754.21,143.18,3.55,VEHICLE,0,0
999,-1753.85,137.41,3.55,VEHICLE,0,0
1000,-1753.46,131.17,3.55,VEHICLE,0,0
1001,-1753.41,124.75,3.55,VEHICLE,0,0
1002,-1753.53,118.61,3.55,VEHICLE,0,0
1003,-1753.63,113.59,3.55,VEHICLE,0,0
1004,-1753.76,107.19,3.55,VEHICLE,0,0
1005,-1753.76,101.70,3.55,VEHICLE,0,0
1006,-1753.50,95.01,3.55,VEHICLE,0,0
1007,-1753.27,89.84,3.55,VEHICLE,0,0
1008,-1753.06,84.83,3.55,VEHICLE,0,0
1009,-1752.83,79.43,3.55,VEHICLE,0,0
1010,-1752.54,72.60,3.55,VEHICLE,0,0
1011,-1752.33,67.52,3.55,VEHICLE,0,0
1012,-1752.12,62.41,3.55,VEHICLE,0,0
1013,-1751.89,56.96,3.55,VEHICLE,0,0
1014,-1751.64,50.96,3.55,VEHICLE,0,0
1015,-1751.41,45.63,3.55,VEHICLE,0,0
1016,-1751.25,39.89,3.55,VEHICLE,0,0
1017,-1751.27,34.06,3.55,VEHICLE,0,0
1018,-1751.32,28.73,3.55,VEHICLE,0,0
1019,-1751.38,22.95,3.55,VEHICLE,0,0
1020,-1751.43,17.82,3.55,VEHICLE,0,0
1021,-1751.49,11.95,3.55,VEHICLE,0,0
1022,-1751.53,6.93,3.54,VEHICLE,0,0
1023,-1751.59,0.84,3.54,VEHICLE,0,0
1024,-1751.64,-4.56,3.54,VEHICLE,0,0
1025,-1751.59,-9.74,3.54,VEHICLE,0,0
1026,-1751.46,-15.56,3.54,VEHICLE,0,0
1027,-1750.91,-20.81,3.54,VEHICLE,0,0
1028,-1748.02,-25.51,3.54,VEHICLE,0,0
1029,-1744.52,-29.08,3.55,VEHICLE,0,0
1030,-1739.57,-31.41,3.55,VEHICLE,0,0
1031,-1734.00,-31.93,3.55,VEHICLE,0,0
1032,-1728.23,-31.99,3.55,VEHICLE,0,0
1033,-1723.01,-31.35,3.55,VEHICLE,0,0
1034,-1717.25,-30.16,3.55,VEHICLE,0,0
1035,-1712.27,-28.31,3.57,VEHICLE,0,0
1036,-1706.66,-25.65,3.55,VEHICLE,0,0
1037,-1702.27,-23.15,3.55,VEHICLE,0,0
1038,-1697.15,-20.19,3.56,VEHICLE,0,0
1039,-1692.72,-17.25,3.56,VEHICLE,0,0
1040,-1688.23,-13.57,3.55,VEHICLE,0,0
1041,-1684.05,-9.42,3.55,VEHICLE,0,0
1042,-1680.48,-5.02,3.55,VEHICLE,0,0
1043,-1676.84,-0.68,3.55,VEHICLE,0,0
1044,-1672.35,3.66,3.55,VEHICLE,0,0
1045,-1667.60,7.95,3.55,VEHICLE,0,0
1046,-1663.05,12.06,3.55,VEHICLE,0,0
1047,-1658.44,16.26,3.55,VEHICLE,0,0
1048,-1653.73,20.55,3.55,VEHICLE,0,0
1049,-1650.07,24.19,3.55,VEHICLE,0,0
1050,-1646.45,27.95,3.55,VEHICLE,0,0
1051,-1642.76,31.82,3.55,VEHICLE,0,0
1052,-1639.11,35.65,3.55,VEHICLE,0,0
1053,-1635.37,39.56,3.55,VEHICLE,0,0
1054,-1631.55,43.39,3.55,VEHICLE,0,0
1055,-1627.58,47.21,3.55,VEHICLE,0,0
1056,-1623.54,51.09,3.55,VEHICLE,0,0
1057,-1619.57,54.90,3.55,VEHICLE,0,0
1058,-1615.49,58.82,3.55,VEHICLE,0,0
1059,-1611.35,62.79,3.55,VEHICLE,0,0
1060,-1607.25,66.74,3.55,VEHICLE,0,0
1061,-1603.01,70.82,3.55,VEHICLE,0,0
1062,-1598.85,74.82,3.55,VEHICLE,0,0
1063,-1594.58,78.91,3.55,VEHICLE,0,0
1064,-1590.68,82.67,3.55,VEHICLE,0,0
1065,-1586.40,86.78,3.55,VEHICLE,0,0
1066,-1582.42,90.61,3.55,VEHICLE,0,0
1067,-1578.03,94.83,3.55,VEHICLE,0,0
1068,-1574.01,98.69,3.55,VEHICLE,0,0
1069,-1569.58,102.95,3.55,VEHICLE,0,0
1070,-1565.12,107.23,3.55,VEHICLE,0,0
1071,-1561.02,111.17,3.55,VEHICLE,0,0
1072,-1556.55,115.46,3.55,VEHICLE,0,0
1073,-1575.79,82.00,3.54,VEHICLE,0,0
1074,-1576.32,81.35,3.55,VEHICLE,0,0
1075,-1578.61,79.37,3.55,VEHICLE,0,0
1076,-1582.48,76.12,3.55,VEHICLE,0,0
1077,-1587.17,72.57,3.55,VEHICLE,0,0
1078,-1591.86,68.99,3.55,VEHICLE,0,0
1079,-1595.93,65.88,3.55,VEHICLE,0,0
1080,-1600.30,62.54,3.56,VEHICLE,0,0
1081,-1605.22,58.79,3.55,VEHICLE,0,0
1082,-1610.22,54.99,3.55,VEHICLE,0,0
1083,-1614.61,51.74,3.55,VEHICLE,0,0
1084,-1619.27,48.87,3.55,VEHICLE,0,0
1085,-1624.02,46.07,3.55,VEHICLE,0,0
1086,-1628.92,42.92,3.55,VEHICLE,0,0
1087,-1633.50,39.08,3.55,VEHICLE,0,0
1088,-1638.10,35.00,3.55,VEHICLE,0,0
1089,-1642.77,30.87,3.54,VEHICLE,0,0
1090,-1647.60,26.67,3.55,VEHICLE,0,0
1091,-1652.74,22.20,3.55,VEHICLE,0,0
1092,-1657.56,17.98,3.55,VEHICLE,0,0
1093,-1661.28,14.57,3.55,VEHICLE,0,0
1094,-1665.11,11.02,3.55,VEHICLE,0,0
1095,-1668.96,7.46,3.55,VEHICLE,0,0
1096,-1673.78,3.00,3.55,VEHICLE,0,0
1097,-1677.75,-0.67,3.55,VEHICLE,0,0
1098,-1682.71,-5.25,3.55,VEHICLE,0,0
1099,-1686.81,-8.87,3.55,VEHICLE,0,0
1100,-1691.00,-12.45,3.56,VEHICLE,0,0
1101,-1695.19,-15.94,3.56,VEHICLE,0,0
1102,-1700.47,-19.85,3.54,VEHICLE,0,0
1103,-1704.64,-22.81,3.54,VEHICLE,0,0
1104,-1710.05,-26.54,3.54,VEHICLE,0,0
1105,-1715.67,-29.42,3.55,VEHICLE,0,0
1106,-1721.09,-30.97,3.56,VEHICLE,0,0
1107,-1727.45,-31.40,3.56,VEHICLE,0,0
1108,-1732.49,-30.46,3.54,VEHICLE,0,0
1109,-1737.32,-28.90,3.54,VEHICLE,0,0
1110,-1738.73,-29.12,3.54,VEHICLE,0,0
1111,-1740.45,-28.52,3.55,VEHICLE,0,0
1112,-1743.07,-26.74,3.54,VEHICLE,0,0
1113,-1744.37,-23.36,3.55,VEHICLE,0,0
1114,-1746.53,-18.38,3.55,VEHICLE,0,0
1115,-1747.30,-12.91,3.55,VEHICLE,0,0
1116,-1747.88,-7.59,3.55,VEHICLE,0,0
1117,-1748.49,-1.92,3.55,VEHICLE,0,0
1118,-1748.62,3.37,3.55,VEHICLE,0,0
1119,-1748.73,8.53,3.55,VEHICLE,0,0
1120,-1748.89,14.80,3.55,VEHICLE,0,0
1121,-1749.02,20.08,3.55,VEHICLE,0,0
1122,-1749.17,26.03,3.55,VEHICLE,0,0
1123,-1749.33,32.40,3.55,VEHICLE,0,0
1124,-1749.48,38.58,3.55,VEHICLE,0,0
1125,-1749.63,44.61,3.55,VEHICLE,0,0
1126,-1749.80,51.28,3.55,VEHICLE,0,0
1127,-1749.96,57.72,3.55,VEHICLE,0,0
1128,-1750.09,62.89,3.55,VEHICLE,0,0
1129,-1750.23,68.48,3.55,VEHICLE,0,0
1130,-1750.43,74.03,3.55,VEHICLE,0,0
1131,-1750.73,79.95,3.55,VEHICLE,0,0
1132,-1751.04,85.61,3.55,VEHICLE,0,0
1133,-1751.35,91.37,3.54,VEHICLE,0,0
1134,-1751.70,97.70,3.54,VEHICLE,0,0
1135,-1751.98,102.98,3.54,VEHICLE,0,0
1136,-1752.26,108.49,3.55,VEHICLE,0,0
1137,-1752.47,113.57,3.55,VEHICLE,0,0
1138,-1752.67,118.91,3.55,VEHICLE,0,0
1139,-1752.86,124.17,3.54,VEHICLE,0,0
1140,-1753.05,129.19,3.54,VEHICLE,0,0
1141,-1753.24,134.41,3.55,VEHICLE,0,0
1142,-1753.43,139.54,3.55,VEHICLE,0,0
1143,-1753.67,145.89,3.54,VEHICLE,0,0
1144,-1753.82,151.87,3.54,VEHICLE,0,0
1145,-1753.91,158.02,3.54,VEHICLE,0,0
1146,-1753.99,163.51,3.55,VEHICLE,0,0
1147,-1754.09,169.51,3.55,VEHICLE,0,0
1148,-1754.19,175.77,3.55,VEHICLE,0,0
1149,-1754.75,182.20,3.54,VEHICLE,0,0
1150,-1756.13,188.13,3.59,VEHICLE,0,0
1151,-1757.82,193.70,3.57,VEHICLE,0,0
1152,-1759.52,199.79,3.60,VEHICLE,0,0
1153,-1760.42,206.35,3.61,VEHICLE,0,0
1154,-1760.79,212.28,3.87,VEHICLE,0,0
1155,-1760.85,218.42,4.94,VEHICLE,0,0
1156,-1760.36,224.73,5.94,VEHICLE,0,0
1157,-1759.53,229.87,6.52,VEHICLE,0,0
1158,-1758.59,235.01,6.48,VEHICLE,0,0
1159,-1757.18,240.18,6.43,VEHICLE,0,0
1160,-1754.90,245.53,6.60,VEHICLE,0,0
1161,-1752.23,251.45,6.75,VEHICLE,0,0
1162,-1750.05,256.37,6.88,VEHICLE,0,0
1163,-1747.63,262.16,7.03,VEHICLE,0,0
1164,-1745.78,267.10,7.15,VEHICLE,0,0
1165,-1743.97,272.05,7.20,VEHICLE,0,0
1166,-1742.18,276.93,7.19,VEHICLE,0,0
1167,-1740.22,282.25,7.18,VEHICLE,0,0
1168,-1738.34,287.06,7.18,VEHICLE,0,0
1169,-1736.21,291.70,7.18,VEHICLE,0,0
1170,-1733.72,296.85,7.18,VEHICLE,0,0
1171,-1730.88,302.62,7.18,VEHICLE,0,0
1172,-1728.10,308.29,7.18,VEHICLE,0,0
1173,-1725.54,313.51,7.18,VEHICLE,0,0
1174,-1722.67,319.08,7.16,VEHICLE,0,0
1175,-1719.87,323.97,7.10,VEHICLE,0,0
1176,-1716.63,329.28,7.04,VEHICLE,0,0
1177,-1713.11,334.79,7.02,VEHICLE,0,0
1178,-1709.56,339.84,7.02,VEHICLE,0,0
1179,-1705.79,344.44,7.02,VEHICLE,0,0
1180,-1701.54,349.28,7.02,VEHICLE,0,0
1181,-1697.28,354.08,7.02,VEHICLE,0,0
1182,-1693.51,358.32,7.02,VEHICLE,0,0
1183,-1689.42,362.92,7.02,VEHICLE,0,0
1184,-1685.12,367.78,7.02,VEHICLE,0,0
1185,-1680.97,372.46,7.02,VEHICLE,0,0
1186,-1677.09,376.77,7.02,VEHICLE,0,0
1187,-1672.85,381.11,7.02,VEHICLE,0,0
1188,-1668.59,385.33,7.02,VEHICLE,0,0
1189,-1664.44,389.41,7.02,VEHICLE,0,0
1190,-1660.40,393.40,7.02,VEHICLE,0,0
1191,-1655.94,397.79,7.02,VEHICLE,0,0
1192,-1651.22,402.46,7.02,VEHICLE,0,0
1193,-1646.79,406.84,7.02,VEHICLE,0,0
1194,-1642.51,411.10,7.02,VEHICLE,0,0
1195,-1637.68,415.96,7.02,VEHICLE,0,0
1196,-1633.58,420.09,7.02,VEHICLE,0,0
1197,-1628.76,424.93,7.02,VEHICLE,0,0
1198,-1624.23,429.50,7.02,VEHICLE,0,0
1199,-1619.73,434.01,7.02,VEHICLE,0,0
1200,-1614.96,438.82,7.02,VEHICLE,0,0
1201,-1610.12,443.68,7.02,VEHICLE,0,0
1202,-1605.37,448.46,7.02,VEHICLE,0,0
1203,-1601.05,452.81,7.02,VEHICLE,0,0
1204,-1596.29,457.60,7.02,VEHICLE,0,0
1205,-1591.48,462.46,7.02,VEHICLE,0,0
1206,-1586.90,467.48,7.02,VEHICLE,0,0
1207,-1582.40,473.21,7.02,VEHICLE,0,0
1208,-1579.19,477.47,7.02,VEHICLE,0,0
1209,-1575.22,482.99,7.02,VEHICLE,0,0
1210,-1571.83,488.61,7.02,VEHICLE,0,0
1211,-1568.74,495.45,7.02,VEHICLE,0,0
1212,-1566.66,502.27,7.02,VEHICLE,0,0
1213,-1565.44,509.39,7.02,VEHICLE,0,0
1214,-1564.61,516.66,7.02,VEHICLE,0,0
1215,-1563.87,523.47,7.02,VEHICLE,0,0
1216,-1563.31,528.44,7.02,VEHICLE,0,0
1217,-1562.50,535.43,7.02,VEHICLE,0,0
1218,-1561.73,542.77,7.02,VEHICLE,0,0
1219,-1561.03,550.09,7.02,VEHICLE,0,0
1220,-1560.54,555.25,7.02,VEHICLE,0,0
1221,-1559.84,562.76,7.02,VEHICLE,0,0
1222,-1559.49,567.81,7.02,VEHICLE,0,0
1223,-1559.21,572.85,7.02,VEHICLE,0,0
1224,-1558.85,579.95,7.02,VEHICLE,0,0
1225,-1558.48,587.35,7.02,VEHICLE,0,0
1226,-1558.23,592.48,7.03,VEHICLE,0,0
1227,-1558.02,597.63,7.03,VEHICLE,0,0
1228,-1557.96,602.68,7.03,VEHICLE,0,0
1229,-1557.98,610.01,7.03,VEHICLE,0,0
1230,-1558.01,615.26,7.03,VEHICLE,0,0
1231,-1558.04,620.53,7.03,VEHICLE,0,0
1232,-1558.06,625.90,7.03,VEHICLE,0,0
1233,-1558.09,631.42,7.03,VEHICLE,0,0
1234,-1558.12,638.93,7.03,VEHICLE,0,0
1235,-1558.14,644.45,7.03,VEHICLE,0,0
1236,-1558.17,652.02,7.03,VEHICLE,0,0
1237,-1558.19,657.11,7.03,VEHICLE,0,0
1238,-1558.23,664.42,7.03,VEHICLE,0,0
1239,-1558.26,672.13,7.03,VEHICLE,0,0
1240,-1558.28,677.34,7.03,VEHICLE,0,0
1241,-1558.31,684.42,7.03,VEHICLE,0,0
1242,-1558.34,691.52,7.03,VEHICLE,0,0
1243,-1558.37,698.43,7.03,VEHICLE,0,0
1244,-1558.40,706.09,7.03,VEHICLE,0,0
1245,-1558.43,711.28,7.03,VEHICLE,0,0
1246,-1558.46,718.15,7.03,VEHICLE,0,0
1247,-1558.48,724.71,7.03,VEHICLE,0,0
1248,-1558.51,731.64,7.03,VEHICLE,0,0
1249,-1558.55,739.05,7.03,VEHICLE,0,0
1250,-1558.57,744.09,7.03,VEHICLE,0,0
1251,-1558.60,751.27,7.03,VEHICLE,0,0
1252,-1558.62,756.80,7.03,VEHICLE,0,0
1253,-1558.64,762.01,7.03,VEHICLE,0,0
1254,-1558.68,769.24,7.03,VEHICLE,0,0
1255,-1558.70,776.77,7.03,VEHICLE,0,0
1256,-1558.60,783.63,7.03,VEHICLE,0,0
1257,-1558.46,791.02,7.03,VEHICLE,0,0
1258,-1558.32,797.59,7.03,VEHICLE,0,0
1259,-1558.19,804.01,7.03,VEHICLE,0,0
1260,-1558.06,810.29,7.03,VEHICLE,0,0
1261,-1557.93,816.62,7.03,VEHICLE,0,0
1262,-1557.80,823.19,7.03,VEHICLE,0,0
1263,-1557.72,829.33,7.03,VEHICLE,0,0
1264,-1557.64,835.76,7.03,VEHICLE,0,0
1265,-1557.56,842.26,7.03,VEHICLE,0,0
1266,-1557.52,849.12,7.03,VEHICLE,0,0
1267,-1557.75,855.52,7.03,VEHICLE,0,0
1268,-1558.05,861.86,7.03,VEHICLE,0,0
1269,-1558.38,868.25,7.03,VEHICLE,0,0
1270,-1558.68,874.25,7.03,VEHICLE,0,0
1271,-1558.91,880.24,7.03,VEHICLE,0,0
1272,-1559.07,886.10,7.03,VEHICLE,0,0
1273,-1559.24,892.56,7.03,VEHICLE,0,0
1274,-1559.40,898.76,7.03,VEHICLE,0,0
1275,-1559.58,905.47,7.03,VEHICLE,0,0
1276,-1559.88,912.48,7.03,VEHICLE,0,0
1277,-1560.42,918.48,7.03,VEHICLE,0,0
1278,-1561.11,925.26,7.03,VEHICLE,0,0
1279,-1561.85,932.12,7.03,VEHICLE,0,0
1280,-1562.83,938.24,7.03,VEHICLE,0,0
1281,-1564.41,944.24,7.03,VEHICLE,0,0
1282,-1566.88,950.59,7.03,VEHICLE,0,0
1283,-1570.10,956.58,7.03,VEHICLE,0,0
1284,-1573.72,962.30,7.03,VEHICLE,0,0
1285,-1577.45,968.03,7.03,VEHICLE,0,0
1286,-1581.15,973.75,7.03,VEHICLE,0,0
1287,-1584.60,979.37,7.03,VEHICLE,0,0
1288,-1587.50,985.15,7.03,VEHICLE,0,0
1289,-1590.04,991.46,7.03,VEHICLE,0,0
1290,-1592.43,997.90,7.03,VEHICLE,0,0
1291,-1594.77,1004.31,7.03,VEHICLE,0,0
1292,-1596.61,1010.18,7.03,VEHICLE,0,0
1293,-1598.19,1016.26,7.03,VEHICLE,0,0
1294,-1599.82,1022.87,7.03,VEHICLE,0,0
1295,-1601.10,1029.59,7.03,VEHICLE,0,0
1296,-1601.71,1036.36,7.03,VEHICLE,0,0
1297,-1602.00,1043.11,7.03,VEHICLE,0,0
1298,-1602.22,1050.01,7.03,VEHICLE,0,0
1299,-1602.43,1056.19,7.03,VEHICLE,0,0
1300,-1602.62,1061.96,7.03,VEHICLE,0,0
1301,-1602.73,1068.64,7.03,VEHICLE,0,0
1302,-1602.79,1075.49,7.03,VEHICLE,0,0
1303,-1602.84,1082.26,7.03,VEHICLE,0,0
1304,-1602.88,1087.93,7.03,VEHICLE,0,0
1305,-1602.92,1093.87,7.03,VEHICLE,0,0
1306,-1602.98,1100.42,7.03,VEHICLE,0,0
1307,-1603.03,1107.05,7.03,VEHICLE,0,0
1308,-1603.07,1112.13,7.03,VEHICLE,0,0
1309,-1603.30,1118.62,7.03,VEHICLE,0,0
1310,-1603.72,1125.30,7.03,VEHICLE,0,0
1311,-1604.11,1130.90,7.03,VEHICLE,0,0
1312,-1604.57,1137.19,7.03,VEHICLE,0,0
1313,-1605.22,1142.70,7.03,VEHICLE,0,0
1314,-1606.08,1148.78,7.03,VEHICLE,0,0
1315,-1606.80,1153.74,7.02,VEHICLE,0,0
1316,-1607.69,1159.89,7.02,VEHICLE,0,0
1317,-1608.49,1165.48,7.02,VEHICLE,0,0
1318,-1609.66,1170.47,7.03,VEHICLE,0,0
1319,-1612.71,1174.48,7.09,VEHICLE,0,0
1320,-1617.42,1177.31,7.23,VEHICLE,0,0
1321,-1622.62,1180.26,7.22,VEHICLE,0,0
1322,-1628.22,1182.55,7.14,VEHICLE,0,0
1323,-1633.62,1184.06,7.11,VEHICLE,0,0
1324,-1639.64,1185.79,7.07,VEHICLE,0,0
1325,-1645.57,1187.56,7.34,VEHICLE,0,0
1326,-1650.26,1189.01,8.54,VEHICLE,0,0
1327,-1655.83,1189.93,10.19,VEHICLE,0,0
1328,-1661.32,1190.37,11.77,VEHICLE,0,0
1329,-1666.26,1190.79,13.19,VEHICLE,0,0
1330,-1671.46,1191.20,15.02,VEHICLE,0,0
1331,-1676.31,1190.99,17.03,VEHICLE,0,0
1332,-1681.76,1190.70,19.24,VEHICLE,0,0
1333,-1686.78,1190.47,21.28,VEHICLE,0,0
1334,-1691.56,1190.53,22.97,VEHICLE,0,0
1335,-1697.08,1190.59,24.44,VEHICLE,0,0
1336,-1702.54,1190.63,24.96,VEHICLE,0,0
1337,-1708.44,1190.68,24.97,VEHICLE,0,0
1338,-1713.53,1190.66,24.97,VEHICLE,0,0
1339,-1718.93,1190.19,24.97,VEHICLE,0,0
1340,-1725.07,1189.63,24.97,VEHICLE,0,0
1341,-1731.26,1189.30,24.97,VEHICLE,0,0
1342,-1736.67,1189.26,24.97,VEHICLE,0,0
1343,-1742.22,1189.33,24.97,VEHICLE,0,0
1344,-1747.58,1189.56,24.97,VEHICLE,0,0
1345,-1752.79,1189.79,24.97,VEHICLE,0,0
1346,-1758.70,1190.04,24.97,VEHICLE,0,0
1347,-1764.78,1190.31,24.97,VEHICLE,0,0
1348,-1770.60,1190.56,24.97,VEHICLE,0,0
1349,-1776.94,1190.79,24.97,VEHICLE,0,0
1350,-1782.50,1190.14,24.96,VEHICLE,0,0
1351,-1787.10,1187.95,24.96,VEHICLE,0,0
1352,-1790.65,1183.58,24.96,VEHICLE,0,0
1353,-1792.41,1177.95,24.97,VEHICLE,0,0
1354,-1793.85,1173.09,25.13,VEHICLE,0,0
1355,-1795.10,1168.31,26.34,VEHICLE,0,0
1356,-1795.14,1163.08,28.49,VEHICLE,0,0
1357,-1795.07,1158.17,30.50,VEHICLE,0,0
1358,-1795.09,1152.86,32.66,VEHICLE,0,0
1359,-1795.10,1147.53,34.83,VEHICLE,0,0
1360,-1795.10,1142.89,36.71,VEHICLE,0,0
1361,-1795.11,1138.17,38.63,VEHICLE,0,0
1362,-1795.11,1132.76,40.83,VEHICLE,0,0
1363,-1795.05,1128.06,42.60,VEHICLE,0,0
1364,-1794.20,1123.07,44.03,VEHICLE,0,0
1365,-1792.83,1118.10,45.01,VEHICLE,0,0
1366,-1790.66,1112.96,45.32,VEHICLE,0,0
1367,-1787.06,1108.72,45.28,VEHICLE,0,0
1368,-1782.01,1107.24,45.28,VEHICLE,0,0
1369,-1776.71,1106.35,45.28,VEHICLE,0,0
1370,-1770.92,1105.55,45.28,VEHICLE,0,0
1371,-1765.78,1105.58,45.28,VEHICLE,0,0
1372,-1759.94,1105.65,45.28,VEHICLE,0,0
1373,-1753.68,1105.70,45.28,VEHICLE,0,0
1374,-1748.39,1105.72,45.28,VEHICLE,0,0
1375,-1743.25,1105.75,45.28,VEHICLE,0,0
1376,-1737.73,1105.79,45.28,VEHICLE,0,0
1377,-1732.36,1105.96,45.28,VEHICLE,0,0
1378,-1727.34,1106.81,45.28,VEHICLE,0,0
1379,-1721.55,1108.47,45.29,VEHICLE,0,0
1380,-1717.15,1111.24,45.28,VEHICLE,0,0
1381,-1713.90,1116.08,45.22,VEHICLE,0,0
1382,-1713.03,1121.08,44.51,VEHICLE,0,0
1383,-1712.85,1126.49,43.13,VEHICLE,0,0
1384,-1712.65,1131.22,41.49,VEHICLE,0,0
1385,-1712.41,1136.65,39.28,VEHICLE,0,0
1386,-1712.20,1141.83,37.17,VEHICLE,0,0
1387,-1711.99,1147.22,34.98,VEHICLE,0,0
1388,-1711.77,1152.56,32.80,VEHICLE,0,0
1389,-1711.57,1157.61,30.75,VEHICLE,0,0
1390,-1711.35,1162.99,28.56,VEHICLE,0,0
1391,-1711.13,1168.44,26.35,VEHICLE,0,0
1392,-1710.47,1173.64,25.03,VEHICLE,0,0
1393,-1708.49,1178.86,24.92,VEHICLE,0,0
1394,-1705.08,1183.51,24.96,VEHICLE,0,0
1395,-1700.10,1187.27,24.85,VEHICLE,0,0
1396,-1695.50,1189.38,24.19,VEHICLE,0,0
1397,-1690.09,1191.16,22.52,VEHICLE,0,0
1398,-1685.00,1192.00,20.59,VEHICLE,0,0
1399,-1679.32,1192.17,18.25,VEHICLE,0,0
1400,-1673.68,1191.59,15.95,VEHICLE,0,0
1401,-1669.02,1190.97,14.08,VEHICLE,0,0
1402,-1664.02,1190.32,12.47,VEHICLE,0,0
1403,-1657.51,1189.55,10.67,VEHICLE,0,0
1404,-1652.22,1189.37,9.15,VEHICLE,0,0
1405,-1647.35,1189.37,7.74,VEHICLE,0,0
1406,-1640.73,1189.43,6.92,VEHICLE,0,0
1407,-1634.64,1189.97,7.09,VEHICLE,0,0
1408,-1629.78,1191.21,7.11,VEHICLE,0,0
1409,-1624.60,1193.56,7.04,VEHICLE,0,0
1410,-1619.58,1197.36,7.02,VEHICLE,0,0
1411,-1616.16,1201.53,7.03,VEHICLE,0,0
1412,-1613.72,1206.71,7.06,VEHICLE,0,0
1413,-1613.08,1211.88,7.15,VEHICLE,0,0
1414,-1613.67,1216.89,7.09,VEHICLE,0,0
1415,-1615.28,1221.80,7.02,VEHICLE,0,0
1416,-1618.36,1226.21,7.03,VEHICLE,0,0
1417,-1622.34,1230.65,7.03,VEHICLE,0,0
1418,-1626.40,1235.17,7.03,VEHICLE,0,0
1419,-1630.41,1238.96,7.03,VEHICLE,0,0
1420,-1635.40,1242.67,7.03,VEHICLE,0,0
1421,-1639.72,1245.28,7.03,VEHICLE,0,0
1422,-1644.70,1247.89,7.03,VEHICLE,0,0
1423,-1649.60,1250.48,7.07,VEHICLE,0,0
1424,-1654.71,1253.20,7.15,VEHICLE,0,0
1425,-1659.92,1255.90,7.18,VEHICLE,0,0
1426,-1665.33,1258.66,7.11,VEHICLE,0,0
1427,-1670.43,1261.30,7.05,VEHICLE,0,0
1428,-1675.59,1264.08,7.03,VEHICLE,0,0
1429,-1680.06,1266.48,7.03,VEHICLE,0,0
1430,-1684.50,1268.81,7.03,VEHICLE,0,0
1431,-1688.99,1271.14,7.03,VEHICLE,0,0
1432,-1694.13,1273.82,7.03,VEHICLE,0,0
1433,-1699.50,1276.28,7.03,VEHICLE,0,0
1434,-1705.02,1278.41,7.04,VEHICLE,0,0
1435,-1710.35,1280.18,7.12,VEHICLE,0,0
1436,-1715.83,1280.92,7.18,VEHICLE,0,0
1437,-1721.09,1281.50,7.18,VEHICLE,0,0
1438,-1726.79,1282.20,6.88,VEHICLE,0,0
1439,-1731.87,1283.31,6.64,VEHICLE,0,0
1440,-1736.88,1285.56,6.56,VEHICLE,0,0
1441,-1742.01,1286.93,6.53,VEHICLE,0,0
1442,-1747.10,1285.44,7.05,VEHICLE,0,0
1443,-1750.11,1282.34,7.56,VEHICLE,0,0
1444,-1751.41,1277.77,7.86,VEHICLE,0,0
1445,-1751.02,1274.28,7.88,VEHICLE,0,0
1446,-1748.59,1270.05,7.77,VEHICLE,0,0
1447,-1744.33,1267.47,7.45,VEHICLE,0,0
1448,-1739.06,1267.18,7.15,VEHICLE,0,0
1449,-1734.23,1269.69,6.99,VEHICLE,0,0
1450,-1730.82,1273.49,6.85,VEHICLE,0,0
1451,-1727.02,1277.39,6.90,VEHICLE,0,0
1452,-1722.93,1281.23,7.11,VEHICLE,0,0
1453,-1718.33,1283.80,7.19,VEHICLE,0,0
1454,-1712.47,1284.88,7.13,VEHICLE,0,0
1455,-1707.87,1284.45,7.04,VEHICLE,0,0
1456,-1703.09,1282.20,7.03,VEHICLE,0,0
1457,-1698.03,1278.96,7.03,VEHICLE,0,0
1458,-1693.57,1275.99,7.03,VEHICLE,0,0
1459,-1689.21,1272.27,7.03,VEHICLE,0,0
1460,-1684.60,1268.22,7.03,VEHICLE,0,0
1461,-1680.80,1264.90,7.03,VEHICLE,0,0
1462,-1676.68,1261.28,7.03,VEHICLE,0,0
1463,-1672.23,1256.70,7.03,VEHICLE,0,0
1464,-1668.46,1252.65,7.03,VEHICLE,0,0
1465,-1664.69,1248.59,7.03,VEHICLE,0,0
1466,-1660.78,1244.41,7.03,VEHICLE,0,0
1467,-1657.04,1240.42,7.03,VEHICLE,0,0
1468,-1653.20,1236.33,7.03,VEHICLE,0,0
1469,-1648.81,1231.63,7.03,VEHICLE,0,0
1470,-1644.82,1227.36,7.03,VEHICLE,0,0
1471,-1640.26,1222.47,7.03,VEHICLE,0,0
1472,-1636.35,1217.83,7.03,VEHICLE,0,0
1473,-1632.56,1213.09,7.03,VEHICLE,0,0
1474,-1628.64,1208.18,7.03,VEHICLE,0,0
1475,-1625.32,1204.02,7.03,VEHICLE,0,0
1476,-1621.53,1199.06,7.03,VEHICLE,0,0
1477,-1618.63,1194.98,7.03,VEHICLE,0,0
1478,-1614.70,1189.40,7.04,VEHICLE,0,0
1479,-1611.73,1184.70,7.04,VEHICLE,0,0
1480,-1609.29,1179.70,7.04,VEHICLE,0,0
1481,-1607.41,1173.93,7.03,VEHICLE,0,0
1482,-1606.42,1167.54,7.03,VEHICLE,0,0
1483,-1606.22,1162.40,7.03,VEHICLE,0,0
1484,-1606.17,1157.26,7.03,VEHICLE,0,0
1485,-1606.12,1152.10,7.03,VEHICLE,0,0
1486,-1606.04,1146.83,7.03,VEHICLE,0,0
1487,-1605.95,1141.57,7.03,VEHICLE,0,0
1488,-1605.82,1135.82,7.03,VEHICLE,0,0
1489,-1605.50,1130.47,7.03,VEHICLE,0,0
1490,-1605.13,1125.09,7.03,VEHICLE,0,0
1491,-1604.72,1119.22,7.03,VEHICLE,0,0
1492,-1604.49,1113.21,7.03,VEHICLE,0,0
1493,-1604.33,1107.19,7.03,VEHICLE,0,0
1494,-1604.20,1101.65,7.03,VEHICLE,0,0
1495,-1604.06,1096.06,7.03,VEHICLE,0,0
1496,-1603.90,1089.93,7.03,VEHICLE,0,0
1497,-1603.74,1083.77,7.03,VEHICLE,0,0
1498,-1603.59,1078.03,7.03,VEHICLE,0,0
1499,-1603.45,1072.83,7.03,VEHICLE,0,0
1500,-1603.30,1066.94,7.03,VEHICLE,0,0
1501,-1603.17,1061.75,7.03,VEHICLE,0,0
1502,-1603.03,1056.59,7.03,VEHICLE,0,0
1503,-1602.89,1051.28,7.03,VEHICLE,0,0
1504,-1602.73,1044.91,7.03,VEHICLE,0,0
1505,-1602.44,1039.01,7.03,VEHICLE,0,0
1506,-1601.75,1033.62,7.03,VEHICLE,0,0
1507,-1600.22,1027.28,7.03,VEHICLE,0,0
1508,-1598.13,1021.71,7.03,VEHICLE,0,0
1509,-1595.20,1016.04,7.03,VEHICLE,0,0
1510,-1592.32,1011.30,7.04,VEHICLE,0,0
1511,-1588.87,1005.67,7.14,VEHICLE,0,0
1512,-1585.82,1000.64,7.15,VEHICLE,0,0
1513,-1582.57,995.36,7.13,VEHICLE,0,0
1514,-1579.34,990.19,7.10,VEHICLE,0,0
1515,-1576.10,985.15,7.02,VEHICLE,0,0
1516,-1572.77,979.92,7.03,VEHICLE,0,0
1517,-1569.54,974.03,7.03,VEHICLE,0,0
1518,-1567.34,968.89,7.03,VEHICLE,0,0
1519,-1565.44,962.68,7.03,VEHICLE,0,0
1520,-1563.86,956.08,7.03,VEHICLE,0,0
1521,-1562.47,950.07,7.03,VEHICLE,0,0
1522,-1561.18,944.01,7.03,VEHICLE,0,0
1523,-1560.29,937.42,7.03,VEHICLE,0,0
1524,-1559.74,930.63,7.03,VEHICLE,0,0
1525,-1559.28,923.80,7.03,VEHICLE,0,0
1526,-1558.81,916.73,7.03,VEHICLE,0,0
1527,-1558.34,910.06,7.03,VEHICLE,0,0
1528,-1557.87,903.41,7.03,VEHICLE,0,0
1529,-1557.38,896.60,7.03,VEHICLE,0,0
1530,-1556.92,889.78,7.03,VEHICLE,0,0
1531,-1556.77,883.03,7.03,VEHICLE,0,0
1532,-1556.78,876.00,7.03,VEHICLE,0,0
1533,-1556.82,869.37,7.03,VEHICLE,0,0
1534,-1557.17,862.76,7.03,VEHICLE,0,0
1535,-1558.22,856.68,7.03,VEHICLE,0,0
1536,-1559.82,850.58,7.03,VEHICLE,0,0
1537,-1561.06,844.77,7.03,VEHICLE,0,0
1538,-1561.71,838.45,7.03,VEHICLE,0,0
1539,-1561.96,832.35,7.03,VEHICLE,0,0
1540,-1562.12,825.86,7.03,VEHICLE,0,0
1541,-1562.30,819.66,7.03,VEHICLE,0,0
1542,-1562.36,813.97,7.03,VEHICLE,0,0
1543,-1562.31,807.93,7.03,VEHICLE,0,0
1544,-1562.23,801.64,7.03,VEHICLE,0,0
1545,-1562.13,794.70,7.03,VEHICLE,0,0
1546,-1562.03,788.03,7.03,VEHICLE,0,0
1547,-1561.93,781.44,7.03,VEHICLE,0,0
1548,-1561.85,774.85,7.03,VEHICLE,0,0
1549,-1561.76,768.36,7.03,VEHICLE,0,0
1550,-1561.64,760.94,7.03,VEHICLE,0,0
1551,-1561.14,753.67,7.03,VEHICLE,0,0
1552,-1560.52,748.60,7.03,VEHICLE,0,0
1553,-1559.54,741.34,7.03,VEHICLE,0,0
1554,-1558.58,734.29,7.03,VEHICLE,0,0
1555,-1557.76,727.60,7.03,VEHICLE,0,0
1556,-1557.46,720.37,7.03,VEHICLE,0,0
1557,-1557.56,713.01,7.03,VEHICLE,0,0
1558,-1557.73,706.01,7.03,VEHICLE,0,0
1559,-1557.88,699.41,7.03,VEHICLE,0,0
1560,-1557.90,692.66,7.03,VEHICLE,0,0
1561,-1557.43,685.89,7.03,VEHICLE,0,0
1562,-1556.91,680.73,7.03,VEHICLE,0,0
1563,-1556.16,673.81,7.03,VEHICLE,0,0
1564,-1555.44,667.06,7.03,VEHICLE,0,0
1565,-1554.91,662.03,7.03,VEHICLE,0,0
1566,-1554.15,654.70,7.03,VEHICLE,0,0
1567,-1553.56,648.73,7.03,VEHICLE,0,0
1568,-1553.24,642.23,7.03,VEHICLE,0,0
1569,-1553.37,635.15,7.03,VEHICLE,0,0
1570,-1553.59,628.79,7.03,VEHICLE,0,0
1571,-1553.88,621.34,7.03,VEHICLE,0,0
1572,-1554.11,614.74,7.03,VEHICLE,0,0
1573,-1554.34,607.70,7.03,VEHICLE,0,0
1574,-1554.43,602.58,7.03,VEHICLE,0,0
1575,-1554.51,596.01,7.03,VEHICLE,0,0
1576,-1554.58,589.21,7.03,VEHICLE,0,0
1577,-1554.65,582.80,7.03,VEHICLE,0,0
1578,-1554.73,575.59,7.02,VEHICLE,0,0
1579,-1554.92,568.56,7.02,VEHICLE,0,0
1580,-1555.30,561.93,7.02,VEHICLE,0,0
1581,-1555.75,555.08,7.02,VEHICLE,0,0
1582,-1556.23,547.82,7.02,VEHICLE,0,0
1583,-1556.68,541.33,7.02,VEHICLE,0,0
1584,-1557.43,534.57,7.02,VEHICLE,0,0
1585,-1558.71,528.05,7.02,VEHICLE,0,0
1586,-1560.21,521.61,7.02,VEHICLE,0,0
1587,-1561.60,515.93,7.02,VEHICLE,0,0
1588,-1563.42,509.68,7.02,VEHICLE,0,0
1589,-1565.45,503.42,7.02,VEHICLE,0,0
1590,-1567.35,497.65,7.02,VEHICLE,0,0
1591,-1569.66,491.31,7.02,VEHICLE,0,0
1592,-1572.26,484.93,7.02,VEHICLE,0,0
1593,-1574.83,478.79,7.02,VEHICLE,0,0
1594,-1577.08,473.43,7.02,VEHICLE,0,0
1595,-1579.51,467.63,7.02,VEHICLE,0,0
1596,-1581.92,461.84,7.03,VEHICLE,0,0
1597,-1584.37,456.02,7.08,VEHICLE,0,0
1598,-1586.98,449.88,7.16,VEHICLE,0,0
1599,-1589.27,444.43,7.17,VEHICLE,0,0
1600,-1591.63,438.98,7.18,VEHICLE,0,0
1601,-1594.56,433.42,7.18,VEHICLE,0,0
1602,-1597.54,429.01,7.18,VEHICLE,0,0
1603,-1601.16,424.67,7.17,VEHICLE,0,0
1604,-1604.83,420.71,7.18,VEHICLE,0,0
1605,-1608.34,416.97,7.18,VEHICLE,0,0
1606,-1612.14,412.68,7.18,VEHICLE,0,0
1607,-1615.53,408.77,7.18,VEHICLE,0,0
1608,-1619.03,404.71,7.18,VEHICLE,0,0
1609,-1622.62,400.55,7.18,VEHICLE,0,0
1610,-1626.46,396.19,7.18,VEHICLE,0,0
1611,-1630.22,392.11,7.18,VEHICLE,0,0
1612,-1633.81,388.28,7.18,VEHICLE,0,0
1613,-1637.36,384.49,7.18,VEHICLE,0,0
1614,-1641.25,380.33,7.18,VEHICLE,0,0
1615,-1645.44,375.85,7.18,VEHICLE,0,0
1616,-1649.44,371.51,7.18,VEHICLE,0,0
1617,-1653.51,367.05,7.18,VEHICLE,0,0
1618,-1657.57,362.57,7.18,VEHICLE,0,0
1619,-1661.86,357.84,7.18,VEHICLE,0,0
1620,-1666.19,353.06,7.18,VEHICLE,0,0
1621,-1670.55,348.26,7.18,VEHICLE,0,0
1622,-1674.57,343.84,7.18,VEHICLE,0,0
1623,-1678.24,339.80,7.18,VEHICLE,0,0
1624,-1682.40,335.21,7.18,VEHICLE,0,0
1625,-1686.71,330.47,7.18,VEHICLE,0,0
1626,-1690.82,325.94,7.18,VEHICLE,0,0
1627,-1694.94,321.39,7.18,VEHICLE,0,0
1628,-1699.16,316.75,7.18,VEHICLE,0,0
1629,-1703.24,312.25,7.18,VEHICLE,0,0
1630,-1707.02,308.05,7.18,VEHICLE,0,0
1631,-1710.96,303.15,7.18,VEHICLE,0,0
1632,-1714.74,297.85,7.18,VEHICLE,0,0
1633,-1718.13,292.95,7.18,VEHICLE,0,0
1634,-1721.82,287.62,7.18,VEHICLE,0,0
1635,-1725.09,282.90,7.18,VEHICLE,0,0
1636,-1728.31,278.28,7.18,VEHICLE,0,0
1637,-1731.24,274.09,7.18,VEHICLE,0,0
1638,-1734.53,269.36,7.18,VEHICLE,0,0
1639,-1737.77,264.71,7.16,VEHICLE,0,0
1640,-1741.13,259.67,7.05,VEHICLE,0,0
1641,-1743.75,255.22,6.92,VEHICLE,0,0
1642,-1746.43,250.48,6.79,VEHICLE,0,0
1643,-1748.92,246.04,6.66,VEHICLE,0,0
1644,-1751.66,241.17,6.53,VEHICLE,0,0
1645,-1754.59,235.93,6.39,VEHICLE,0,0
1646,-1756.84,230.76,6.26,VEHICLE,0,0
1647,-1758.34,225.43,6.10,VEHICLE,0,0
1648,-1759.57,220.30,5.46,VEHICLE,0,0
1649,-1760.58,215.04,4.37,VEHICLE,0,0
1650,-1760.88,209.73,3.63,VEHICLE,0,0
1651,-1760.90,204.60,3.59,VEHICLE,0,0
1652,-1760.30,198.63,3.61,VEHICLE,0,0
1653,-1758.89,193.59,3.59,VEHICLE,0,0
1654,-1757.02,187.66,3.63,VEHICLE,0,0
1655,-1755.63,182.17,3.63,VEHICLE,0,0
1656,-1755.11,176.82,3.60,VEHICLE,0,0
1657,-1754.49,171.45,3.57,VEHICLE,0,0
1658,-1754.22,166.10,3.54,VEHICLE,0,0
1659,-1754.46,160.06,3.55,VEHICLE,0,0
1660,-1754.62,154.92,3.55,VEHICLE,0,0
1661,-1754.41,148.71,3.55,VEHICLE,0,0
1662,-1753.90,142.82,3.55,VEHICLE,0,0
1663,-1753.40,137.55,3.55,VEHICLE,0,0
1664,-1753.08,131.78,3.55,VEHICLE,0,0
1665,-1752.94,125.92,3.55,VEHICLE,0,0
1666,-1752.83,119.86,3.55,VEHICLE,0,0
1667,-1752.68,114.03,3.55,VEHICLE,0,0
1668,-1752.25,107.69,3.55,VEHICLE,0,0
1669,-1751.81,101.80,3.55,VEHICLE,0,0
1670,-1751.48,95.42,3.55,VEHICLE,0,0
1671,-1751.31,90.37,3.55,VEHICLE,0,0
1672,-1751.14,84.94,3.55,VEHICLE,0,0
1673,-1750.95,78.63,3.55,VEHICLE,0,0
1674,-1750.78,73.32,3.55,VEHICLE,0,0
1675,-1750.61,68.04,3.55,VEHICLE,0,0
1676,-1750.45,61.44,3.55,VEHICLE,0,0
1677,-1750.47,54.73,3.55,VEHICLE,0,0
1678,-1750.51,49.55,3.54,VEHICLE,0,0
1679,-1750.56,43.95,3.54,VEHICLE,0,0
1680,-1750.60,38.65,3.54,VEHICLE,0,0
1681,-1750.65,32.44,3.55,VEHICLE,0,0
1682,-1750.69,26.69,3.55,VEHICLE,0,0
1683,-1750.74,20.40,3.55,VEHICLE,0,0
1684,-1750.78,14.15,3.55,VEHICLE,0,0
1685,-1750.83,7.81,3.55,VEHICLE,0,0
1686,-1750.88,1.84,3.55,VEHICLE,0,0
1687,-1750.90,-3.19,3.55,VEHICLE,0,0
1688,-1750.54,-9.17,3.54,VEHICLE,0,0
1689,-1749.99,-14.15,3.54,VEHICLE,0,0
1690,-1749.21,-19.15,3.54,VEHICLE,0,0
1691,-1748.33,-23.54,3.54,VEHICLE,0,0
1692,-1746.48,-27.56,3.54,VEHICLE,0,0
1693,-1743.74,-30.30,3.54,VEHICLE,0,0
1694,-1739.73,-32.03,3.55,VEHICLE,0,0
1695,-1734.58,-33.81,3.55,VEHICLE,0,0
1696,-1728.86,-34.27,3.55,VEHICLE,0,0
1697,-1723.12,-32.94,3.56,VEHICLE,0,0
1698,-1718.30,-31.63,3.60,VEHICLE,0,0
1699,-1713.01,-30.14,3.56,VEHICLE,0,0
1700,-1708.19,-27.70,3.58,VEHICLE,0,0
1701,-1703.35,-23.81,3.55,VEHICLE,0,0
1702,-1698.91,-19.94,3.55,VEHICLE,0,0
1703,-1695.02,-16.62,3.55,VEHICLE,0,0
1704,-1691.02,-13.22,3.55,VEHICLE,0,0
1705,-1687.15,-9.93,3.55,VEHICLE,0,0
1706,-1682.74,-6.16,3.55,VEHICLE,0,0
1707,-1678.17,-2.25,3.56,VEHICLE,0,0
1708,-1673.49,1.74,3.55,VEHICLE,0,0
1709,-1668.95,5.62,3.55,VEHICLE,0,0
1710,-1664.40,9.50,3.55,VEHICLE,0,0
1711,-1659.63,13.92,3.55,VEHICLE,0,0
1712,-1655.42,18.15,3.55,VEHICLE,0,0
1713,-1651.65,21.99,3.54,VEHICLE,0,0
1714,-1647.07,26.65,3.55,VEHICLE,0,0
1715,-1642.51,31.26,3.55,VEHICLE,0,0
1716,-1638.87,34.95,3.55,VEHICLE,0,0
1717,-1635.06,38.82,3.55,VEHICLE,0,0
1718,-1631.15,42.78,3.55,VEHICLE,0,0
1719,-1626.48,47.52,3.55,VEHICLE,0,0
1720,-1622.67,51.39,3.55,VEHICLE,0,0
1721,-1618.63,55.48,3.55,VEHICLE,0,0
1722,-1614.61,59.57,3.55,VEHICLE,0,0
1723,-1610.21,64.03,3.55,VEHICLE,0,0
1724,-1606.21,68.09,3.55,VEHICLE,0,0
1725,-1602.03,72.32,3.55,VEHICLE,0,0
1726,-1597.74,76.68,3.55,VEHICLE,0,0
1727,-1593.57,80.91,3.55,VEHICLE,0,0
1728,-1589.33,85.21,3.55,VEHICLE,0,0
1729,-1585.04,89.56,3.55,VEHICLE,0,0
1730,-1580.42,94.24,3.55,VEHICLE,0,0
1731,-1575.21,99.53,3.55,VEHICLE,0,0
1732,-1570.93,103.87,3.55,VEHICLE,0,0
1733,-1566.30,108.56,3.55,VEHICLE,0,0
1734,-1561.54,113.09,3.55,VEHICLE,0,0
1735,-1556.88,117.37,3.55,VEHICLE,0,0
