715.3860 -1606.6549 -0.8315
718.4767 -1616.3076 -0.4314
722.5772 -1629.1735 0.0952
724.3102 -1638.3112 0.0326
725.4614 -1647.6686 -0.0325
726.2178 -1658.1383 -0.4655
726.6576 -1668.5616 -0.0372
726.8867 -1678.5642 0.5774
727.0866 -1689.6163 0.0392
727.2182 -1700.7720 -0.6890
727.1331 -1709.0720 -0.0098
727.0125 -1717.6581 0.4669
726.8847 -1726.3419 0.0781
726.7106 -1737.0232 -0.4853
726.5485 -1746.7504 -0.3453
726.3978 -1754.9380 0.1473
726.1830 -1767.0942 0.2635
725.9773 -1778.2683 -0.0738
725.6959 -1790.5402 -0.2052
725.3495 -1803.7693 -0.2761
725.0119 -1815.4908 0.0603
724.6332 -1826.8590 0.4421
724.2449 -1838.5778 -0.3721
723.7943 -1850.2535 -0.4205
723.3140 -1859.7795 0.2753
722.7911 -1869.5514 0.5365
722.1708 -1880.9349 -0.3762
721.5179 -1892.2877 -0.4942
721.0531 -1902.3564 0.1038
720.6382 -1912.6526 0.5636
720.2471 -1923.9850 -0.0317
719.3309 -1935.2944 -0.7038
717.2579 -1943.0961 -0.3225
707.6411 -1955.5215 -0.1360
692.2048 -1962.4327 0.0444
682.5643 -1965.5277 -0.2653
672.3376 -1968.7552 -0.2053
661.6674 -1972.0504 -0.1392
650.1104 -1974.2455 -0.3122
638.6611 -1974.5723 -0.5924
628.9834 -1974.0668 -0.4495
617.7275 -1973.2576 0.1448
606.5383 -1972.3508 0.0697
595.4017 -1971.5148 0.1803
584.5828 -1970.7490 0.4891
566.3139 -1969.4030 -0.3946
556.5302 -1968.5732 -0.1298
545.5319 -1967.6879 -0.3785
534.9999 -1966.8765 -0.5090
526.0045 -1966.1907 0.1206
516.0876 -1965.3442 0.1085
505.3967 -1964.3973 -0.0769
495.4873 -1963.5028 0.2500
483.6298 -1962.3983 0.0209
471.7418 -1961.2786 -0.5151
461.3154 -1960.2690 -0.1521
449.5583 -1959.1395 -0.4431
439.2212 -1958.1522 -0.3313
429.8783 -1957.3136 0.2014
419.4974 -1957.2390 0.1150
408.5814 -1958.3933 -0.0904
398.2815 -1960.0754 0.1057
387.3870 -1961.6809 0.2696
375.8661 -1962.9010 -0.1245
364.3459 -1963.8323 -0.1914
353.2954 -1964.7100 0.0327
341.3430 -1965.6814 -0.4973
330.4179 -1966.6316 -0.4966
320.7791 -1967.4629 -0.0354
309.9052 -1968.3588 -0.2322
298.9916 -1969.2362 -0.1705
289.2499 -1970.0145 0.3290
278.1829 -1970.8877 0.3421
266.2744 -1971.8253 -0.1056
254.6567 -1972.7365 -0.0747
242.8508 -1973.6516 -0.1802
231.6535 -1974.5115 -0.5718
220.5077 -1975.3696 -0.1649
209.4162 -1976.2595 -0.0471
197.9018 -1977.2063 -0.3009
187.3880 -1978.0740 0.0912
176.3134 -1978.9807 0.1414
164.7211 -1979.7131 -0.3057
155.5067 -1979.2234 -0.2174
147.3762 -1976.9635 -0.1378
139.6176 -1971.9707 -0.4650
133.6332 -1965.3341 -0.3596
128.1947 -1957.7850 0.0919
122.4584 -1948.9519 0.0975
116.7668 -1939.2290 -0.1567
112.2283 -1930.1914 0.1505
107.8626 -1920.6606 0.1261
103.3080 -1910.1677 -0.6319
99.8067 -1901.5732 -0.3542
96.4212 -1893.0020 0.0817
93.0205 -1883.0341 0.1894
90.3339 -1871.9451 0.1711
88.2046 -1859.8038 -0.2231
86.6921 -1848.3958 -0.1709
85.4022 -1837.1057 -0.0733
84.0717 -1824.5913 -0.1623
82.6457 -1811.1309 -0.2141
81.3398 -1798.8334 0.0864
80.0233 -1786.1823 0.4364
78.5991 -1772.5448 0.4339
77.2788 -1759.6940 -0.3639
76.0720 -1746.7014 -0.6862
75.3624 -1737.4956 -0.1178
74.6992 -1726.8801 0.2285
74.1134 -1716.0842 0.2968
73.5881 -1704.1013 0.4696
73.1430 -1691.2384 -0.0021
72.8438 -1678.6517 -0.4830
72.6291 -1665.6849 -0.5742
72.2518 -1654.6368 -0.2395
71.5245 -1642.9951 0.1933
70.4729 -1630.0675 0.5058
68.6186 -1616.8418 0.4461
65.9080 -1603.3616 -0.0096
62.6798 -1589.0449 -0.2411
59.4644 -1575.3607 -0.1361
56.5876 -1561.6887 -0.0266
54.5208 -1548.8395 0.0545
53.4824 -1535.9604 0.2312
53.2522 -1524.2928 0.1091
53.2081 -1509.9309 -0.2385
53.1032 -1495.5631 -0.3973
53.2130 -1484.2386 -0.0704
53.5682 -1472.2554 0.1745
53.6219 -1458.8291 0.2305
53.4293 -1445.2574 0.0873
53.1169 -1430.8518 -0.1031
52.7272 -1416.6517 -0.1623
52.2982 -1402.8160 -0.0214
51.8410 -1388.6010 0.0913
51.3804 -1374.0176 0.0561
51.0803 -1358.8660 -0.0447
51.0564 -1343.0851 -0.2124
51.6485 -1328.7239 -0.0874
52.5374 -1315.6517 0.0813
53.7280 -1300.7826 0.0193
55.3293 -1286.7991 -0.2353
57.8352 -1274.6683 -0.0805
60.8379 -1263.1854 0.1203
64.5385 -1250.1602 -0.0015
68.2746 -1237.4811 -0.0996
72.3100 -1223.7576 -0.1271
76.4328 -1209.5811 -0.1422
80.4808 -1195.2745 -0.3800
83.1243 -1182.6835 -0.5378
83.6705 -1173.5533 -0.1903
83.3106 -1163.5126 0.1834
82.2193 -1152.4524 0.0800
80.0999 -1141.5787 0.2549
77.2843 -1129.8140 0.1473
74.9335 -1118.0732 -0.0817
73.0764 -1105.5260 -0.2973
71.6309 -1092.7452 -0.4206
70.5855 -1081.1542 0.0381
69.7123 -1069.8492 0.3965
68.7248 -1056.1310 0.5745
67.7601 -1041.7070 -0.1002
67.0265 -1028.0162 -0.5604
66.5879 -1016.9675 -0.1654
66.3043 -1005.9033 0.1092
66.0782 -993.3611 0.0561
65.9173 -981.3756 0.1092
65.5010 -966.1455 -0.1783
63.8909 -954.6083 -0.3708
60.8414 -945.5342 -0.2151
56.1956 -937.4616 -0.2586
49.5008 -931.0519 -0.3982
41.5925 -926.9668 -0.1449
32.4557 -923.9334 0.0281
22.6052 -922.0826 0.0940
11.4474 -920.8215 -0.2017
-0.1243 -919.2843 -0.1404
-11.3740 -917.3969 0.1016
-22.8249 -915.2896 -0.0591
-35.3213 -912.8624 -0.0493
-47.6635 -910.4320 -0.0844
-61.4352 -907.7318 -0.0895
-73.8480 -905.2433 -0.1798
-85.3600 -902.0129 -0.2325
-95.0379 -897.2955 -0.2402
-102.6632 -891.6088 0.0439
-111.0538 -884.0511 -0.0886
-119.1752 -876.0309 -0.2719
-127.4736 -867.6770 -0.1549
-135.4165 -859.1251 -0.1571
-141.4981 -850.4465 -0.1922
-146.2856 -841.0474 -0.0685
-150.3655 -830.6237 -0.2967
-152.6594 -819.3254 -0.2986
-153.4471 -808.9437 -0.0293
-153.5363 -796.3930 -0.0587
-152.4482 -784.3354 -0.0227
-150.4134 -771.8288 0.0314
-147.4023 -758.7758 -0.0300
-143.4881 -745.5021 -0.1542
-139.0328 -732.9218 -0.1263
-134.0463 -720.7846 0.0098
-128.5110 -708.2507 0.0703
-122.5625 -695.0451 0.0784
-116.5570 -680.9722 -0.2354
-112.3208 -669.4569 -0.2476
-109.1116 -659.0969 0.0166
-106.5637 -647.9172 0.0229
-104.9454 -635.5609 -0.1343
-104.6118 -623.4795 -0.1127
-105.1024 -610.9332 -0.0670
-106.5445 -598.3032 -0.0141
-108.7391 -584.8468 -0.0593
-111.3755 -572.6287 -0.2828
-115.0428 -562.2021 -0.3199
-119.8061 -553.6512 0.0557
-125.8319 -545.3542 -0.0152
-133.1937 -537.8646 -0.1484
-142.3524 -530.7935 -0.2524
-151.8506 -525.1015 -0.1023
-162.3941 -519.5815 0.0663
-174.2390 -513.8016 -0.1328
-185.3013 -508.5162 -0.1193
-196.8637 -503.0158 0.1058
-207.7964 -497.8409 -0.0025
-219.8199 -492.1671 -0.0487
-232.7375 -486.4045 -0.2576
-244.3134 -482.0363 -0.1103
-255.6455 -478.1876 0.0413
-268.3557 -474.3517 -0.1002
-281.2452 -471.7238 -0.1312
-294.2411 -470.0447 -0.0906
-307.7712 -469.0914 -0.3252
-317.9954 -469.7625 -0.3181
-327.1350 -472.4073 -0.2670
-334.7111 -477.2636 -0.3093
-339.7879 -483.6773 -0.4881
-341.4887 -497.4614 -0.1137
-333.5127 -511.5654 -0.2338
-327.1774 -518.7352 -0.1386
-319.6045 -526.5812 -0.0621
-311.5782 -534.7164 -0.2156
-303.0597 -543.4016 -0.1501
-294.0216 -552.6515 0.0207
-284.7704 -562.1198 0.1123
-275.1036 -571.9869 0.0939
-265.2701 -582.0154 0.0651
-254.6717 -592.8482 -0.0300
-245.2517 -603.2649 -0.2424
-238.2744 -612.5807 -0.0306
-231.4425 -622.6950 0.0897
-224.6981 -633.5679 -0.2214
-219.0453 -644.4949 -0.1207
-213.9841 -655.6431 0.1638
-208.8552 -667.6572 0.0953
-203.6467 -680.2332 -0.0194
-198.1790 -693.5344 -0.1419
-192.7878 -706.6523 -0.2072
-187.2274 -720.1905 -0.1226
-182.0790 -732.7172 0.0921
-176.6460 -745.9239 0.2424
-170.7293 -760.2671 0.1778
-164.5273 -775.1411 -0.0795
-158.6318 -789.1083 -0.3062
-153.4450 -801.9239 -0.3163
-149.8908 -812.2650 0.0746
-146.4422 -823.8270 0.1466
-142.9872 -836.3677 -0.1445
-138.7478 -847.3854 -0.2596
-133.8216 -856.8965 -0.0715
-127.6242 -867.0218 -0.1526
-120.2113 -875.9167 -0.1629
-111.6709 -883.8779 0.0605
-102.3431 -891.5223 0.0769
-92.0433 -898.4282 -0.0730
-80.6442 -903.9664 0.0217
-68.3442 -908.5643 -0.1176
-56.7611 -911.1208 -0.2954
-46.3884 -911.7528 0.0410
-35.3138 -911.6364 -0.0224
-23.4163 -911.0898 -0.2775
-12.2776 -910.4390 -0.0619
0.0201 -909.6469 0.0196
12.6214 -908.8688 -0.2852
23.9956 -909.0368 -0.3759
32.6624 -910.7307 -0.2623
40.2194 -914.1787 -0.1671
47.0317 -920.4321 -0.3966
50.8795 -927.7494 -0.1921
53.4909 -936.2739 0.0608
55.6340 -946.4389 0.1404
57.5735 -957.4809 0.0869
59.6585 -969.4671 -0.2598
61.7438 -980.9424 -0.1392
63.6356 -991.3110 0.1648
64.9757 -1002.4708 -0.2113
65.4040 -1013.3536 -0.3731
65.4763 -1022.6488 0.1067
65.7298 -1033.3571 0.2013
66.1129 -1044.1632 -0.1441
66.8403 -1055.6315 -0.2578
67.8135 -1066.9359 -0.1953
69.1533 -1078.0509 0.2219
70.7774 -1089.1742 0.0896
72.6673 -1100.9323 -0.4811
74.3323 -1110.8320 0.0728
75.8859 -1120.2191 0.4413
77.6665 -1130.8452 -0.4573
79.3730 -1141.6003 -0.2933
80.3690 -1152.0699 0.1000
80.7332 -1163.8519 0.2459
80.2578 -1176.5424 -0.1525
77.7419 -1188.5599 -0.4830
74.3086 -1198.0161 -0.2950
70.9772 -1207.8971 0.0854
68.2262 -1217.9755 0.2350
65.6685 -1228.8943 -0.0906
63.2934 -1240.9653 -0.2068
61.2185 -1252.5917 -0.0400
59.2963 -1264.6603 0.0403
57.5971 -1278.0050 0.0464
56.0972 -1292.2687 -0.0151
54.8272 -1306.5045 -0.1041
53.6632 -1321.3073 -0.0771
52.5995 -1335.7560 0.0674
51.5681 -1350.1804 0.0458
50.4399 -1365.8422 -0.1339
49.6227 -1380.2081 -0.0784
49.1784 -1393.5802 0.1032
48.8681 -1407.5977 -0.0363
48.6512 -1422.4020 -0.1413
48.5048 -1436.2635 0.0208
48.3855 -1449.9424 0.0836
48.2646 -1464.6365 -0.0632
48.1339 -1479.5442 -0.1144
48.1373 -1493.5519 0.0373
48.4642 -1507.5254 -0.1197
48.9675 -1520.6580 -0.2103
49.4819 -1531.9662 0.3811
49.9920 -1543.0345 0.2173
50.5761 -1555.4001 -0.4191
51.0488 -1566.2034 -0.0164
51.5172 -1576.3571 0.5249
52.0339 -1586.8893 -0.2531
52.7791 -1598.1440 -0.3195
54.2797 -1609.1951 -0.0584
56.3490 -1620.5808 0.2988
58.6823 -1632.0168 -0.0019
61.3089 -1644.2347 -0.4718
62.9950 -1652.2690 0.3183
64.8012 -1660.5668 0.5750
66.7746 -1669.4779 -0.3193
68.9321 -1679.1332 -0.3544
70.9028 -1687.9935 0.1754
73.0563 -1697.6033 0.0271
75.3504 -1707.8384 -0.2363
77.7521 -1718.5245 -0.3383
80.2552 -1729.6448 -0.0443
82.2812 -1738.7362 0.5433
84.3766 -1748.1357 -0.1934
86.6072 -1758.1776 -0.3408
88.6826 -1767.8225 0.1002
90.4850 -1777.9519 0.1082
91.9342 -1788.4213 -0.4764
93.0464 -1798.4420 -0.2236
94.1529 -1809.1221 0.0160
95.2707 -1820.1593 0.2894
96.5066 -1832.1747 -0.0727
97.7411 -1843.9004 -0.5234
98.6987 -1853.4663 0.1270
99.7155 -1862.8511 0.4195
100.9011 -1873.4323 -0.4621
102.0753 -1883.4260 -0.2935
103.2281 -1893.0865 0.1642
104.5100 -1903.8103 0.0121
105.9076 -1915.5200 -0.2061
107.9756 -1926.6555 -0.2984
110.9906 -1937.5865 -0.1021
114.5049 -1947.2700 0.0957
119.8842 -1956.8193 -0.2885
126.1689 -1964.5348 -0.4038
132.5226 -1969.4425 -0.0908
140.6951 -1972.8213 0.0576
149.9003 -1974.8112 -0.3644
159.7182 -1975.9423 -0.4196
168.2255 -1976.4896 0.1661
177.9777 -1976.8816 0.0761
188.7494 -1977.1754 -0.0827
200.3620 -1977.3683 -0.4633
210.7789 -1977.4192 -0.2412
221.0763 -1976.8785 0.1672
232.1132 -1975.7915 0.1930
243.9622 -1974.3063 -0.4300
255.0500 -1972.6558 -0.4409
264.8050 -1971.0840 0.0495
275.4051 -1969.3046 0.4046
287.5426 -1967.2484 -0.0334
299.3996 -1965.1837 -0.5459
310.0673 -1963.4851 -0.4275
319.6351 -1962.1870 0.1843
330.1291 -1960.8689 0.2091
341.5567 -1960.0120 -0.0922
353.9458 -1959.5364 -0.4056
365.0464 -1958.8914 -0.1954
375.2099 -1958.1434 0.3065
385.9959 -1957.3563 0.2366
397.5783 -1956.4655 -0.2406
410.0049 -1955.5032 -0.2042
421.9682 -1954.6235 0.0689
433.8940 -1953.7614 0.4248
447.0110 -1952.8252 -0.2487
460.1440 -1951.8428 -0.2706
472.8340 -1950.8114 -0.1822
483.6642 -1950.0984 0.3106
494.9030 -1949.4969 -0.3252
506.0541 -1949.0826 -0.6485
516.0651 -1948.7556 -0.2083
525.5777 -1948.3977 0.4630
536.2045 -1948.0322 0.0944
547.5832 -1947.5603 -0.2617
558.9786 -1946.9253 -0.3250
569.3860 -1946.2251 0.2046
580.2510 -1945.5087 0.1816
591.7607 -1945.3416 0.0129
603.7585 -1945.6442 -0.4066
615.0807 -1946.2787 -0.1123
626.8001 -1947.1089 0.2232
638.8364 -1948.5210 0.1367
651.4496 -1950.4882 -0.2147
663.8058 -1952.4711 -0.0074
675.0551 -1953.6893 0.1329
686.6487 -1953.2327 -0.5161
696.1966 -1951.1509 -0.6485
704.5536 -1947.9565 -0.3040
712.4925 -1943.7096 -0.0013
719.1923 -1938.0681 0.1874
723.8043 -1931.1464 0.0672
726.1778 -1922.5399 -0.0806
726.8553 -1912.8425 0.0483
726.6533 -1902.0500 0.3829
726.0028 -1890.4773 0.1487
725.3215 -1878.2528 -0.3121
724.8969 -1866.7318 -0.3352
724.8238 -1854.8870 -0.0779
725.0625 -1842.5634 0.0039
725.4422 -1829.6252 -0.0877
725.8709 -1816.1713 0.0655
726.3345 -1802.4036 0.3023
726.7961 -1788.8265 0.2368
727.3242 -1774.4259 -0.1652
727.9480 -1759.8873 -0.4608
728.5347 -1747.7161 -0.2514
729.2711 -1735.0256 0.1096
730.2012 -1721.0709 0.3392
730.9891 -1707.5515 0.3537
731.6276 -1693.1893 0.1930
731.9611 -1678.1803 -0.2406
731.8287 -1663.4762 -0.5112
731.5746 -1651.5996 -0.1912
731.5029 -1639.3075 0.2406
731.3695 -1626.3290 0.4986
730.7361 -1612.2822 0.5006
729.6053 -1598.1082 -0.0908
728.1488 -1584.7544 -0.6080
726.7714 -1574.0276 -0.1880
725.4243 -1562.5292 0.3703
724.0173 -1549.7633 0.5744
