X,Y,Z,Speed_kmh
2091.8533,-2090.0510,13.5312,0.0
2097.4995,-2083.4836,13.5370,27.2
2105.2422,-2085.6392,13.5350,33.2
2107.5815,-2093.5579,13.5369,33.3
2104.8704,-2101.6865,13.5359,38.0
2097.9714,-2108.0093,13.2955,35.2
2089.0344,-2108.5537,13.3298,42.2
2080.8796,-2108.9512,13.3563,53.4
2071.8408,-2109.0374,13.3785,56.3
2062.4846,-2109.0691,13.3766,58.5
2052.1584,-2109.0872,13.3582,64.1
2040.6133,-2109.1250,13.3633,71.9
2028.4174,-2109.1899,13.3826,70.3
2016.4393,-2109.2263,13.4044,73.7
2003.6537,-2109.2686,13.3907,75.7
1990.9872,-2109.2874,13.3572,75.8
1978.7507,-2109.2803,13.3567,68.0
1969.4126,-2106.4668,13.3680,50.7
1964.7584,-2095.8118,13.3805,51.4
1963.4738,-2087.0186,13.3738,54.1
1963.1440,-2077.7009,13.3734,53.1
1963.0262,-2069.4683,13.3727,45.6
1963.0629,-2061.2280,13.4129,53.0
1963.1140,-2051.6384,13.4141,60.8
1963.2177,-2040.8064,13.3767,68.2
1963.0735,-2029.0981,13.3740,69.5
1962.7745,-2016.9952,13.3751,73.0
1962.6747,-2004.7390,13.3734,70.8
1963.1444,-1992.6862,13.3744,70.4
1962.8271,-1980.8584,13.3746,70.6
1962.4932,-1968.9515,13.4432,73.7
1962.2600,-1956.4299,13.7409,74.1
1962.0142,-1943.6658,13.4425,78.1
1961.7694,-1930.6575,13.3748,78.8
1962.2109,-1917.5654,13.3750,81.4
1962.3226,-1903.7200,13.3748,80.9
1962.3984,-1889.6172,13.3750,81.6
1962.3953,-1875.8829,13.3752,82.7
1962.6549,-1861.8035,13.3744,83.0
1962.8728,-1847.7821,13.3732,80.0
1962.6010,-1834.6382,13.3733,77.1
1962.4648,-1821.8094,13.3730,73.4
1962.3271,-1809.0990,13.3751,76.7
1962.1846,-1795.9021,13.3753,77.2
1962.0472,-1783.1923,13.3739,72.5
1961.8231,-1771.8420,13.3722,59.5
1959.8723,-1761.6383,13.3720,37.3
1953.7181,-1754.6160,13.3696,35.4
1942.6277,-1752.6464,13.3760,52.9
1933.1185,-1752.1627,13.3749,60.2
1922.2330,-1752.2491,13.3755,68.5
1910.1652,-1751.8696,13.3751,74.3
1897.9042,-1751.7448,13.3749,72.1
1885.5758,-1752.0579,13.3759,72.4
1874.0034,-1751.8022,13.3734,67.9
1862.5369,-1751.9199,13.3757,69.1
1850.7819,-1752.0321,13.3740,66.7
1840.0768,-1752.1195,13.3726,62.1
1830.4653,-1749.5912,13.3697,54.2
1824.2909,-1743.1934,13.3745,55.8
1816.7416,-1737.3665,13.3726,58.8
1807.0713,-1733.5171,13.3748,64.1
1796.1836,-1732.3402,13.3724,62.8
1786.1951,-1732.6544,13.3725,55.5
1777.2332,-1732.9075,13.3739,54.7
1768.1478,-1733.0322,13.3726,50.6
1758.9441,-1732.6523,13.3758,59.0
1747.8564,-1731.9856,13.3803,67.6
1735.9191,-1731.5684,13.3812,70.5
1723.6641,-1731.8257,13.3763,74.7
1710.1416,-1731.8712,13.3749,79.5
1696.3536,-1731.3812,13.3769,81.5
1682.2758,-1731.0754,13.3895,85.6
1667.9814,-1731.0135,13.3771,86.6
1653.0448,-1730.9517,13.3776,90.9
1637.4094,-1730.8876,13.3750,94.6
1621.6653,-1730.8293,13.3749,94.1
1613.5990,-1730.8978,13.3748,95.6
1605.5138,-1730.9823,13.3748,97.0
1597.4398,-1731.0658,13.3739,94.4
1582.0029,-1731.2211,13.3746,95.7
1573.4146,-1731.2871,13.3748,97.2
1565.3911,-1731.3036,13.3734,94.9
1557.3619,-1731.3151,13.3745,96.3
1549.2117,-1731.3284,13.3748,97.7
1540.9037,-1731.3438,13.3747,97.6
1532.3134,-1731.3579,13.3731,95.6
1524.0023,-1731.3715,13.3745,97.1
1515.7395,-1731.3849,13.3744,95.7
1500.0448,-1731.4113,13.3749,94.3
1492.0227,-1731.4246,13.3748,95.8
1483.9229,-1731.4377,13.3748,97.2
1475.6920,-1731.4509,13.3748,98.6
1467.3030,-1731.4645,13.3745,97.5
1459.2687,-1731.4778,13.3727,93.3
1443.4226,-1731.5042,13.3747,95.9
1434.7998,-1731.5182,13.3748,97.4
1426.4653,-1731.5316,13.3748,98.8
1417.5470,-1731.5459,13.3748,100.3
1409.3239,-1731.5591,13.3733,96.0
1401.2917,-1731.5725,13.3725,91.8
1386.2834,-1731.5986,13.3724,83.7
1372.9301,-1731.6206,13.3724,75.8
1360.2991,-1731.6427,13.3742,74.0
1348.4794,-1731.6626,13.3727,69.2
1336.6057,-1731.6820,13.3730,67.4
1326.0062,-1730.6636,13.3710,57.9
1319.4368,-1725.3586,13.4220,47.2
1314.8428,-1715.0640,13.3727,49.7
1314.0022,-1706.7256,13.3734,51.7
1313.9182,-1697.2704,13.3757,60.2
1313.7617,-1686.4399,13.3757,68.5
1313.5797,-1674.9440,13.3752,71.3
1313.3810,-1662.5020,13.3776,76.0
1313.1810,-1649.9484,13.3759,75.7
1312.9697,-1636.7007,13.3765,77.2
1312.7653,-1623.1553,13.3774,81.3
1313.0000,-1608.9125,13.3754,82.8
1313.2517,-1594.6199,13.3776,87.3
1313.5085,-1579.9102,13.3761,91.5
1313.7878,-1564.1713,13.3747,91.7
1315.8995,-1548.7458,13.3745,89.5
1320.0701,-1534.6073,13.3731,88.1
1326.4725,-1521.3671,13.3740,86.6
1333.2651,-1509.0820,13.3725,80.1
1339.4763,-1496.4718,13.3741,80.2
1345.0920,-1483.5660,13.3750,83.9
1350.3505,-1470.6924,13.3739,83.3
1353.2765,-1457.1368,13.3756,82.5
1354.9417,-1443.8569,13.3767,83.2
1356.6718,-1430.1304,13.3759,83.7
1357.4517,-1416.0244,13.3710,82.1
1357.1520,-1402.7876,13.2761,80.9
1357.3751,-1388.4829,13.4732,84.9
1357.1737,-1374.1565,13.4485,84.9
1356.9835,-1359.2301,13.3715,89.6
1357.0413,-1344.2632,13.3737,89.4
1357.0824,-1329.4386,13.3736,87.9
1357.1278,-1314.4939,13.3692,86.6
1357.1714,-1299.9116,13.2535,84.0
1357.2426,-1286.2172,13.2511,79.6
1357.2665,-1272.8141,13.3745,80.9
1357.2899,-1258.9823,13.3736,81.3
1357.3433,-1244.8662,13.3767,82.7
1357.3878,-1230.4418,13.4517,86.7
1357.4374,-1216.0178,15.8046,84.3
1357.4832,-1202.2772,18.3441,80.0
1357.5236,-1189.4709,20.7126,73.3
1357.5656,-1177.3746,22.8935,70.9
1357.6066,-1165.6177,23.7501,69.9
1358.1154,-1153.5817,23.6459,70.7
1358.7692,-1140.9220,23.6484,75.7
1359.5609,-1127.7590,23.6587,80.2
1360.9431,-1114.4094,23.7159,80.5
1362.3641,-1100.6296,23.8919,83.8
1363.8029,-1086.6320,24.4942,84.9
1365.2611,-1072.3716,25.7204,86.0
1366.7565,-1057.9619,26.6743,85.2
1367.8077,-1043.9451,26.3265,84.0
1368.7117,-1029.4514,26.2507,88.1
1370.0222,-1014.5200,26.6706,90.9
1371.4860,-999.3476,28.1840,91.2
1373.0359,-984.8691,30.5977,80.5
1374.3596,-972.4752,32.9183,73.4
1375.6484,-960.7640,34.0541,65.2
1374.4316,-950.9215,34.1794,55.6
1368.4625,-944.3037,34.1748,52.4
1359.7607,-940.6775,34.1799,60.3
1349.6833,-937.3557,34.6106,66.1
1338.4158,-934.2753,35.6382,71.3
1326.8491,-931.0680,36.8017,72.3
1314.9225,-928.1949,38.0612,71.3
1302.6681,-927.8694,39.3395,71.6
1290.7246,-928.3422,40.7903,71.7
1278.6959,-928.8243,42.0190,72.4
1266.2675,-929.3058,42.3514,75.7
1253.2683,-929.9512,42.5888,79.1
1240.0078,-932.8750,42.5145,82.9
1226.0249,-935.7277,42.5727,87.1
1211.4943,-937.9059,42.7017,86.6
1196.5891,-940.0967,42.7409,90.9
1180.8239,-942.4093,42.7563,89.0
1166.3037,-944.4609,42.9479,79.9
1152.6279,-945.5207,42.7965,83.9
1138.9227,-946.6375,42.6087,80.1
1124.6378,-947.7596,42.6105,83.8
1110.2527,-948.9153,42.6326,88.1
1095.8267,-950.0573,42.6154,83.6
1081.1844,-951.2056,42.5841,88.2
1066.1389,-952.6012,42.6979,85.9
1052.1930,-954.1685,42.6715,82.8
1038.9609,-955.6622,42.5520,75.4
1026.6608,-957.4517,42.3449,73.9
1014.1517,-958.5032,41.9812,74.5
1001.5251,-959.4249,41.3124,73.7
989.2864,-960.5964,40.3442,73.9
977.4282,-961.9690,39.6429,68.7
966.4502,-963.2421,39.1463,63.1
955.6097,-964.5544,38.7796,63.4
944.7895,-965.9324,38.5609,64.4
934.2253,-967.1519,38.3014,64.7
924.0029,-967.4527,38.1818,57.7
915.2919,-967.4877,38.1174,44.7
904.8922,-967.9783,38.0194,43.8
894.8247,-969.1377,37.3968,37.4
888.2216,-976.0667,37.2331,33.0
891.0134,-984.4932,36.9947,39.8
900.5710,-985.5895,37.3503,45.9
908.9999,-984.4081,37.7431,53.8
917.5686,-981.5317,38.0712,54.7
927.0239,-978.9106,38.1914,62.3
937.5754,-976.5534,38.3338,65.0
948.8159,-974.5555,38.5850,67.6
960.4294,-972.5054,38.8763,72.1
971.8104,-970.7807,39.2492,68.6
983.0032,-969.2746,39.6220,68.0
994.0156,-967.7743,40.6179,66.7
1005.1147,-966.2734,41.4560,65.7
1016.4460,-964.7365,42.0411,69.1
1028.3914,-963.1181,42.3630,74.0
1040.9039,-961.4482,42.5673,75.6
1053.9009,-959.7523,42.5860,80.2
1067.4332,-957.9846,42.5848,81.7
1080.8580,-957.0850,42.4460,81.2
1094.1646,-955.8374,42.4112,77.4
1107.4631,-954.3118,42.5421,81.7
1121.0714,-952.8032,42.5801,83.0
1134.9869,-951.2526,42.5743,80.9
1148.8171,-949.7115,42.7315,83.3
1162.2999,-947.6943,43.0159,81.5
1175.6155,-945.0465,42.7530,82.9
1189.3030,-942.7365,42.7485,83.6
1202.9042,-940.6459,42.7313,78.5
1216.2159,-938.5555,42.6639,80.5
1229.6379,-936.4630,42.5433,80.3
1242.3257,-934.4806,42.5195,72.6
1253.8611,-932.6840,42.5729,69.7
1265.4305,-931.2662,42.3872,70.1
1276.8739,-930.5856,42.0098,65.9
1287.9948,-930.6855,41.1398,66.4
1299.9773,-930.6446,39.7041,73.4
1312.2174,-931.1500,38.3742,74.0
1324.4327,-932.2327,37.0445,73.4
1334.7897,-933.0814,35.9413,56.0
1343.5370,-934.9080,35.1929,51.9
1351.4436,-939.4272,34.4527,57.7
1357.7377,-947.2455,34.1711,59.7
1360.0898,-957.2962,34.0802,65.4
1359.9086,-968.8902,32.9551,73.8
1358.4203,-981.9215,30.4903,85.1
1356.7131,-996.7844,28.1750,93.7
1355.9739,-1004.7328,27.2946,96.0
1355.2595,-1012.7709,26.7051,96.0
1353.8560,-1028.4901,26.3584,95.0
1352.5112,-1043.7533,26.2783,86.9
1350.4257,-1057.6013,26.6371,83.9
1348.6132,-1072.0815,25.4433,90.6
1346.7104,-1087.4402,24.2687,91.6
1345.5820,-1102.9957,23.8157,93.5
1344.4906,-1118.9469,23.6893,96.8
1343.9279,-1127.1129,23.6618,98.2
1343.3613,-1135.3677,23.6497,98.1
1342.9413,-1143.6525,23.6602,99.2
1343.0450,-1151.9779,23.6700,98.1
1343.0715,-1160.0881,23.6931,96.9
1342.8323,-1168.2720,23.7399,98.2
1342.5770,-1176.4072,23.3680,96.0
1342.3159,-1184.4260,21.7728,98.2
1342.0997,-1192.4979,20.2696,97.7
1342.2623,-1200.5421,18.7511,97.5
1342.4761,-1208.6654,17.1637,101.1
1342.6581,-1217.2100,15.6266,105.9
1342.8497,-1226.1768,14.1837,110.4
1343.0065,-1235.3370,13.5063,109.0
1342.9565,-1244.4817,13.4693,108.3
1342.8861,-1253.6808,13.3624,109.7
1342.8315,-1262.9182,13.3735,109.3
1342.7810,-1271.9658,13.3734,108.1
1342.7252,-1281.0865,13.3746,109.3
1342.6709,-1290.0656,13.5829,104.9
1342.6277,-1298.7104,13.5886,102.7
1342.5958,-1307.3660,13.4642,102.1
1342.5669,-1315.9086,13.3712,102.4
1342.6563,-1324.4807,13.3728,100.9
1342.8169,-1332.7568,13.3726,96.6
1343.0258,-1348.3193,13.3725,88.3
1343.0145,-1363.1632,13.3810,88.4
1342.9458,-1378.3441,13.4746,92.4
1342.7705,-1393.8455,13.3894,93.4
1342.5957,-1409.5531,13.3346,92.7
1341.4080,-1425.0303,13.3737,90.8
1340.0094,-1440.4200,13.3744,91.3
1337.3109,-1455.4187,13.3742,90.4
1333.6008,-1470.1039,13.3741,91.2
1328.8236,-1484.2762,13.3743,89.8
1325.3850,-1498.7684,13.3739,89.0
1321.9625,-1513.4215,13.5105,88.7
1318.6034,-1527.9938,13.3727,86.8
1315.7889,-1542.1713,13.3738,85.0
1313.9889,-1556.5249,13.3749,88.2
1312.2317,-1571.1398,13.3742,87.3
1312.0031,-1585.4894,13.3743,84.6
1311.8357,-1599.0015,13.3724,76.7
1311.6711,-1612.2339,13.3748,79.0
1311.5092,-1625.4041,13.3744,77.8
1311.4646,-1638.6731,13.3748,81.1
1311.6095,-1652.2877,13.3745,82.6
1311.4987,-1666.4025,13.3739,83.6
1311.2684,-1680.8015,13.3750,86.6
1311.0450,-1695.2321,13.3735,83.8
1310.8655,-1706.6958,13.3693,60.0
1311.9414,-1715.9092,13.3709,53.5
1315.9275,-1723.5922,13.3723,51.4
1322.2578,-1729.1846,13.3937,48.8
1330.3702,-1731.1350,13.3747,53.4
1339.9257,-1732.2400,13.3755,61.5
1350.8669,-1732.6489,13.3751,69.0
1362.5535,-1732.6887,13.3746,72.1
1375.0206,-1733.3859,13.3748,76.3
1387.7163,-1732.9801,13.3746,77.3
1401.0670,-1732.7699,13.3750,81.8
1415.2625,-1732.7963,13.3750,86.3
1430.1150,-1732.8345,13.3750,90.6
1445.2540,-1732.8722,13.3741,90.8
1460.7692,-1732.9116,13.3749,92.9
1475.9725,-1732.9512,13.3742,91.3
1491.5364,-1732.9907,13.3748,94.3
1507.2335,-1733.0303,13.3731,92.2
1522.9523,-1733.0698,13.3748,95.2
1530.9984,-1733.0896,13.3748,96.6
1539.1095,-1733.1094,13.3745,95.5
1555.0341,-1733.1490,13.3746,96.0
1563.1443,-1733.1688,13.3748,97.4
1571.3602,-1733.1886,13.3747,97.2
1579.4918,-1733.2085,13.3738,97.1
1587.6940,-1733.2283,13.3747,98.5
1596.0214,-1733.2494,13.3748,99.9
1604.4584,-1733.2714,13.3748,101.2
1613.0183,-1733.2933,13.3748,102.6
1621.6504,-1733.3153,13.3747,102.3
1630.0629,-1733.3372,13.3730,99.6
1638.4814,-1733.3591,13.3743,101.0
1647.0056,-1733.3811,13.3748,102.3
1655.6505,-1733.4031,13.3748,103.6
1664.2922,-1733.4250,13.3742,101.5
1672.8201,-1733.4470,13.3739,102.2
1681.4492,-1733.4690,13.3795,103.5
1690.1827,-1733.4908,13.3797,104.8
1699.0271,-1733.5129,13.3742,106.1
1707.9762,-1733.5361,13.3748,107.3
1717.0256,-1733.5581,13.3748,108.5
1726.1770,-1733.5809,13.3756,109.7
1735.4423,-1733.6051,13.3789,110.9
1744.7960,-1733.6292,13.3803,112.0
1754.0719,-1733.6511,13.3758,108.1
1762.9507,-1733.6731,13.3722,103.7
1771.4579,-1733.6951,13.3724,99.4
1785.1597,-1733.7299,13.3682,71.6
1796.7568,-1733.7604,13.3738,69.6
1807.8745,-1734.0096,13.3724,62.1
1816.1248,-1737.7935,13.3687,48.6
1821.9353,-1743.7357,13.3750,52.6
1829.1859,-1749.4535,13.3740,56.1
1838.6315,-1752.3667,13.3745,61.4
1849.6133,-1753.1666,13.3755,69.7
1861.4209,-1753.6593,13.3739,71.1
1873.4700,-1753.8121,13.3735,70.0
1885.2222,-1753.5195,13.3729,67.3
1896.1205,-1753.2701,13.3740,66.6
1907.9502,-1753.0001,13.3754,73.3
1920.2310,-1752.7177,13.3730,71.9
1932.3521,-1752.4279,13.3731,69.8
1943.1744,-1752.2190,13.3708,54.1
1950.9446,-1754.6588,13.3716,45.7
1958.3949,-1762.3018,13.3726,48.4
1961.0321,-1770.5875,13.3747,53.5
1961.3717,-1780.1791,13.3756,60.4
1961.2083,-1790.5168,13.3757,65.0
1961.0596,-1801.5371,13.3748,67.6
1960.8983,-1813.3617,13.3751,70.1
1960.7385,-1825.1084,13.3750,71.7
1960.6396,-1837.3341,13.3745,71.6
1960.6552,-1849.1862,13.3743,69.2
1960.6661,-1860.9775,13.3750,72.1
1960.6793,-1873.2798,13.3745,72.0
1960.6925,-1884.8654,13.3741,69.4
1960.7057,-1896.6091,13.3738,67.7
1960.7189,-1907.9327,13.3754,70.4
1960.7321,-1920.1102,13.3752,74.2
1960.7452,-1932.8339,13.3751,77.4
1960.7584,-1945.8810,13.5090,75.0
1960.7681,-1958.6287,13.7398,77.2
1960.7850,-1971.9097,13.3825,81.0
1960.8002,-1985.7433,13.3751,83.8
1960.8157,-1999.8430,13.3736,80.5
1960.8289,-2013.0076,13.3747,79.4
1960.8420,-2026.2142,13.3738,78.2
1960.8481,-2039.4564,13.3741,76.6
1960.2379,-2052.0308,13.3741,74.8
1960.3639,-2064.6135,13.3739,75.0
1960.4996,-2077.1099,13.3731,70.9
1960.7416,-2088.2300,13.3724,61.8
1963.2172,-2097.9814,13.3743,61.3
1969.3004,-2105.9775,13.3726,57.2
1977.6089,-2109.9028,13.3577,55.8
1987.5942,-2110.6943,13.3582,62.5
1998.8083,-2110.1523,13.3765,70.9
2011.1200,-2110.1050,13.3977,75.7
2023.7006,-2110.2412,13.3782,74.6
2036.6219,-2110.3677,13.3636,79.3
2049.9736,-2110.4766,13.3698,77.0
2062.2178,-2110.6223,13.3571,69.3
2073.9670,-2110.7434,13.3569,69.0
2084.9053,-2110.8379,13.3399,61.6
2094.8857,-2108.9033,13.3144,58.7
2103.8469,-2104.3613,13.3754,63.9
2112.8589,-2097.8301,13.5374,65.5
2120.0920,-2090.0774,13.5378,61.7
X,Y,Z,Speed_kmh
2090.9988,-2090.2947,13.5311,0.0
2097.9099,-2085.0122,13.5361,23.9
2105.7102,-2090.4844,13.5351,31.9
2107.1233,-2099.9392,13.5381,41.7
2101.4636,-2108.6270,13.2935,39.5
2090.8203,-2109.4180,13.3307,49.1
2081.8359,-2109.3948,13.3532,57.6
2072.2041,-2109.3474,13.3713,55.6
2062.1375,-2109.2986,13.3763,64.1
2050.6665,-2109.3721,13.3626,71.9
2037.9209,-2109.6252,13.3685,76.6
2024.3746,-2109.4744,13.3874,81.2
2010.9930,-2109.3040,13.4000,78.6
1997.0033,-2109.1252,13.3710,81.2
1983.9417,-2108.9353,13.3517,73.4
1972.5226,-2110.8611,13.3641,62.9
1964.2997,-2117.1873,13.3730,58.4
1958.3938,-2125.5007,13.3754,64.3
1952.9714,-2135.0083,13.5307,66.3
1946.5073,-2144.9004,13.5484,69.8
1937.8508,-2153.0344,13.5430,72.2
1927.2142,-2158.9626,13.5375,72.4
1914.5846,-2162.8533,13.4265,76.7
1901.6769,-2165.3257,13.3745,80.0
1887.7190,-2166.1082,13.3747,84.4
1873.0913,-2166.2195,13.3749,86.7
1858.0625,-2166.3428,13.3750,90.4
1842.5575,-2166.4663,13.3743,90.8
1826.9985,-2166.5898,13.3748,93.9
1811.2660,-2166.3706,13.3737,93.3
1795.6876,-2165.8057,13.3730,90.7
1780.0421,-2165.4209,13.3747,93.7
1764.3740,-2165.5635,13.3739,93.2
1748.3564,-2165.6421,13.3748,96.2
1740.1577,-2165.6162,13.4392,94.2
1724.1814,-2165.5720,13.9882,95.5
1716.0580,-2165.5493,14.5006,95.6
1700.0018,-2165.5046,15.7353,95.3
1691.9370,-2164.9707,16.5564,94.5
1676.3823,-2163.4673,18.2132,92.5
1661.1478,-2163.5237,19.9660,90.3
1646.3596,-2162.1511,21.8578,87.7
1632.2010,-2158.4954,23.8040,86.3
1619.1954,-2152.8320,25.7222,84.6
1606.9686,-2145.8469,27.6131,83.4
1595.4327,-2137.7607,29.3729,82.5
1584.3912,-2128.4275,31.0007,82.5
1574.5168,-2118.8799,32.3434,82.7
1565.3435,-2107.7869,33.3422,84.5
1556.4542,-2096.1121,33.8613,87.1
1548.4458,-2083.1018,33.9001,91.2
1541.5714,-2068.7771,33.3739,95.8
1538.3258,-2061.3242,32.7807,98.1
1536.0483,-2052.8674,32.1568,100.3
1534.5535,-2044.7059,31.3199,98.3
1533.2404,-2035.8787,30.4027,102.0
1531.9698,-2027.2578,29.3750,105.7
1531.0625,-2018.5779,28.2849,104.1
1530.7709,-2009.9786,27.1629,102.6
1530.5291,-2001.2207,25.8978,101.4
1530.2731,-1992.8105,24.6935,102.6
1529.9974,-1984.0146,23.4358,104.2
1529.7324,-1974.6685,22.3081,104.5
1529.5341,-1966.0549,21.3303,102.6
1529.3376,-1957.4668,20.2610,100.9
1529.2273,-1949.0580,19.1104,99.5
1529.6675,-1933.7412,17.0994,87.5
1530.0461,-1921.0393,15.4783,85.3
1530.4143,-1908.3518,14.3884,73.8
1530.6056,-1895.9091,13.8994,71.4
1528.5143,-1884.6552,13.4593,65.5
1523.2673,-1874.7593,13.3709,64.6
1514.4792,-1870.5453,13.3693,55.7
1504.2296,-1870.2188,13.3753,64.3
1492.5115,-1870.7819,13.3756,71.9
1479.9948,-1871.3365,13.3751,76.6
1466.5853,-1871.6440,13.3749,81.2
1452.0863,-1871.4241,13.3748,85.7
1437.3119,-1870.9579,13.3750,89.9
1422.3473,-1871.3037,13.3745,90.9
1407.0162,-1871.4227,13.3748,92.5
1391.6085,-1871.3856,13.3729,88.5
1376.7948,-1870.1648,13.3746,90.2
1361.7866,-1866.4432,13.3747,93.7
1347.3467,-1860.5281,13.3730,91.2
1332.2988,-1854.5913,13.3737,89.9
1317.6318,-1852.9731,13.3726,82.5
1303.6292,-1852.8793,13.3735,81.9
1289.4926,-1852.7477,13.3750,86.4
1274.6184,-1852.6130,13.3751,90.7
1259.0663,-1852.4690,13.3749,94.4
1251.0330,-1852.3954,13.3748,95.9
1242.8921,-1852.3204,13.3748,97.3
1234.7454,-1852.2457,13.3743,95.6
1226.7158,-1852.1716,13.3739,96.4
1218.4681,-1852.1754,13.3745,95.7
1202.4044,-1852.2668,13.3760,96.7
1194.2339,-1852.3112,13.3854,98.1
1185.9630,-1852.3556,13.3909,97.3
1170.1952,-1852.4426,13.3880,88.9
1155.6544,-1852.5222,13.3815,87.5
1140.8521,-1852.6038,13.3737,86.2
1126.2734,-1852.6833,13.3744,87.5
1111.8939,-1852.7623,13.3726,82.9
1098.3098,-1851.9041,13.3721,79.2
1086.5532,-1846.4592,13.4212,73.0
1076.7693,-1838.7524,13.5554,71.2
1066.4670,-1831.6974,13.6179,75.8
1055.6006,-1824.0188,13.6237,78.9
1044.5610,-1815.4333,13.6014,81.4
1033.4319,-1806.9299,13.7584,84.8
1020.9667,-1799.3322,13.9001,88.0
1007.4760,-1792.6340,14.0064,91.0
992.6399,-1787.8983,14.0626,94.4
977.3892,-1783.8843,14.0850,93.3
969.0171,-1782.2209,14.0976,95.0
953.4252,-1779.2076,14.0609,95.5
945.4731,-1777.6561,13.8436,97.4
937.3323,-1776.0714,13.6342,99.3
929.1455,-1774.4814,13.4226,100.3
920.7703,-1773.0189,13.3642,101.4
912.4319,-1772.4054,13.3730,97.7
904.2591,-1771.9747,13.3737,98.2
895.9767,-1771.5227,13.3747,99.6
887.6730,-1771.0492,13.3742,99.4
879.2880,-1770.6752,13.3746,100.7
863.0134,-1770.3462,13.3742,100.3
854.5347,-1770.1742,13.3747,100.7
846.2039,-1769.9819,13.3761,97.7
830.2252,-1769.3373,13.3844,96.3
821.9830,-1768.9965,13.3889,97.7
806.3349,-1768.3494,13.4035,95.8
798.2999,-1767.9989,13.4167,94.4
782.3798,-1767.3494,13.0727,95.7
774.3932,-1766.5688,12.9079,94.5
758.4585,-1764.4620,12.8249,97.3
750.2501,-1763.3676,12.8211,97.7
742.4545,-1761.5298,13.3204,93.3
727.4481,-1757.4338,14.4680,92.7
712.5644,-1753.4231,14.4301,90.5
697.9676,-1749.3998,13.5154,86.0
683.9058,-1745.4631,13.3038,82.7
670.4527,-1741.7581,13.4384,80.4
657.7916,-1738.2988,13.4708,78.1
646.1317,-1733.5133,13.5217,70.8
637.8241,-1725.4773,13.9316,66.5
633.7253,-1714.7794,14.1315,70.3
631.7346,-1703.0145,14.7205,66.5
629.7708,-1692.6991,15.2096,61.1
625.0911,-1684.1367,15.5013,58.3
617.6504,-1678.5692,16.0066,54.6
608.3518,-1675.9833,15.9563,59.0
597.9694,-1674.6537,16.0012,66.3
586.2944,-1673.1343,16.5079,72.1
574.1921,-1671.6364,17.4717,73.7
562.1163,-1670.6272,18.1435,71.2
551.6942,-1666.9331,18.5142,62.2
545.2613,-1659.3420,18.6034,56.5
541.1912,-1651.2505,18.1269,52.6
537.7337,-1643.5238,17.6382,47.6
534.8329,-1635.8105,17.1659,52.9
531.3517,-1626.5961,16.7143,63.1
527.5212,-1615.6100,16.3140,72.1
523.9034,-1603.4312,16.0760,77.8
518.8904,-1591.1033,15.9679,80.7
512.8389,-1578.5688,15.9557,85.0
506.0267,-1565.8164,16.3270,87.8
498.6153,-1552.9166,17.3266,89.5
491.6962,-1539.5049,18.7377,89.7
486.4057,-1525.2426,19.8811,90.2
485.1326,-1517.3420,20.2524,90.9
484.8265,-1501.9340,20.3813,86.8
486.6500,-1487.6597,19.9242,84.2
489.3612,-1474.8070,19.1033,70.9
493.3138,-1464.1904,18.0366,58.2
498.4887,-1455.5919,16.8365,62.5
505.7772,-1448.4447,15.0704,56.2
514.2147,-1448.2418,14.9474,51.0
520.7169,-1454.3608,15.1583,56.6
526.8938,-1462.3835,14.8583,63.0
530.7770,-1472.5128,14.6248,68.3
532.8120,-1484.3976,14.3653,74.6
533.7929,-1497.2676,14.3085,79.2
534.1678,-1510.9259,14.3847,83.5
534.5858,-1525.3068,14.5036,87.6
535.0135,-1540.2648,14.9913,90.6
535.0953,-1555.5923,15.4813,89.4
534.9909,-1570.4313,15.9007,89.9
534.8975,-1585.8361,16.0015,93.7
534.7927,-1601.7484,15.9993,93.4
534.6935,-1617.0518,16.3638,91.4
534.5962,-1631.9006,16.9337,84.0
534.9221,-1645.5217,17.7543,76.3
539.5215,-1656.2103,18.4513,65.6
547.2153,-1663.8622,18.5226,67.8
557.3817,-1669.8140,18.3437,71.6
569.5229,-1672.1819,17.8265,76.8
582.8813,-1674.1946,16.7264,84.4
596.5493,-1675.9258,16.0539,79.0
607.4861,-1681.2916,15.9757,68.6
613.4707,-1691.4286,15.9661,72.2
619.9052,-1701.8795,15.1156,76.5
626.4607,-1713.4369,14.1725,82.0
634.2932,-1724.9242,13.9193,82.7
643.0461,-1735.7501,13.3748,85.8
654.0491,-1745.2330,13.5086,88.6
666.5745,-1753.5610,13.4510,90.8
680.7258,-1760.1486,13.3057,94.6
688.2133,-1762.9722,13.2370,95.9
695.9601,-1765.0503,13.5543,96.2
703.8323,-1766.9353,13.9193,96.7
711.5884,-1769.2361,14.1045,97.3
719.3829,-1771.8616,14.0103,98.8
727.2137,-1774.3630,13.9591,96.8
735.1312,-1776.4363,13.4358,98.7
743.2654,-1778.4261,12.9228,101.2
751.6706,-1779.7943,12.7953,102.3
760.1391,-1780.7184,12.8334,99.8
768.2619,-1781.6172,12.8711,95.4
784.1171,-1783.2250,13.0834,95.8
792.1526,-1783.3473,13.1831,94.9
807.8091,-1783.4817,13.4480,94.1
823.2117,-1783.5771,13.6851,89.8
837.5537,-1783.7589,13.7378,81.5
850.6412,-1783.8748,13.7698,77.1
863.9401,-1784.4989,13.7099,81.6
877.7106,-1785.8870,13.6032,84.3
892.1962,-1787.3107,13.4912,89.0
907.4659,-1788.7749,13.3760,93.5
923.3242,-1790.3151,13.3716,96.4
939.0787,-1792.1638,13.7224,94.8
954.3994,-1795.2917,14.1121,89.3
969.1151,-1798.4280,14.0910,91.2
984.2950,-1801.8770,14.0659,94.2
999.5132,-1805.9749,14.0402,93.8
1007.2018,-1808.6492,14.0378,95.0
1021.8568,-1814.6025,13.9129,94.9
1035.0930,-1822.7192,13.6456,89.1
1046.4785,-1831.3414,13.5199,81.3
1055.7566,-1840.6321,13.5370,75.2
1065.2235,-1847.9591,13.3965,68.2
1075.3754,-1850.8883,13.3749,59.1
1086.0173,-1851.4174,13.3762,67.6
1097.8827,-1852.0894,13.3748,72.9
1110.5109,-1852.7791,13.3750,77.6
1123.9053,-1853.5170,13.3750,82.2
1138.0508,-1853.9908,13.3748,86.5
1152.9492,-1853.7461,13.3794,90.8
1168.5374,-1853.4885,13.3910,94.5
1184.6511,-1853.6643,13.3903,97.3
1192.8660,-1853.8204,13.3879,98.7
1201.2045,-1853.8234,13.3776,100.1
1209.6583,-1853.7949,13.3743,101.4
1218.2396,-1853.5989,13.3747,102.7
1226.9060,-1853.2439,13.3746,103.9
1235.6958,-1853.1549,13.3745,105.2
1244.5725,-1853.1243,13.3748,106.5
1253.5688,-1853.0831,13.3748,107.7
1262.6674,-1853.0112,13.3748,108.9
1271.8645,-1852.9366,13.3748,110.1
1280.9873,-1852.8655,13.3734,106.0
1289.9202,-1852.7965,13.3725,101.6
1298.3693,-1852.7301,13.3724,97.6
1306.6486,-1852.9169,13.3738,98.9
1314.9973,-1853.3334,13.3746,100.3
1323.5002,-1853.9575,13.3747,101.3
1331.6881,-1855.7986,13.3723,98.3
1339.2102,-1858.8077,13.3718,94.8
1353.6450,-1865.0072,13.3744,94.7
1368.9897,-1869.4084,13.3729,96.3
1377.0741,-1870.4429,13.3743,97.4
1385.2960,-1870.7571,13.3743,98.8
1393.6570,-1870.9772,13.3747,100.2
1402.1044,-1871.2122,13.3748,101.5
1410.9583,-1871.4655,13.3748,102.9
1419.6476,-1871.7101,13.3748,104.2
1428.4465,-1871.8766,13.3748,105.4
1437.1411,-1871.8002,13.3735,101.7
1445.4834,-1871.6991,13.3725,97.4
1461.1031,-1871.5751,13.3724,89.0
1475.3418,-1871.6012,13.3724,81.7
1489.1980,-1871.6232,13.3735,80.4
1501.9949,-1871.6451,13.3724,72.6
1513.5033,-1872.0718,13.3722,64.3
1521.9261,-1876.5273,13.3687,51.6
1526.3491,-1884.2338,13.4880,56.9
1529.4274,-1893.3640,13.8005,58.3
1530.1597,-1903.7227,14.2077,65.1
1530.1088,-1915.1736,14.9124,71.1
1530.0657,-1927.1244,16.2533,71.7
1530.0217,-1939.0646,17.7853,71.6
1529.9778,-1950.9438,19.3674,71.3
1529.9338,-1962.7527,20.9466,70.9
1529.8899,-1974.6040,22.3112,71.3
1529.8459,-1986.4935,23.7815,71.3
1529.8020,-1998.2598,25.4760,70.5
1529.7577,-2010.0104,27.1580,69.8
1529.7732,-2021.7682,28.6833,69.2
1530.9772,-2033.2147,30.0883,69.1
1533.4867,-2044.3920,31.2668,69.0
1537.4216,-2055.2129,32.3656,69.5
1541.6151,-2066.2693,33.1770,71.7
1545.9541,-2077.7166,33.7422,74.6
1550.8729,-2089.5178,34.0442,77.1
1557.7487,-2100.7542,33.7403,79.1
1565.3831,-2112.2512,33.1040,84.5
1575.1589,-2123.3081,32.0363,91.0
1587.0100,-2133.1587,30.4703,90.8
1599.3096,-2141.7917,28.6873,91.7
1612.8823,-2148.9702,26.7175,92.3
1627.3873,-2155.2466,24.5762,94.9
1642.3738,-2160.4551,22.4159,98.5
1650.4628,-2162.3958,21.3404,100.3
1658.6102,-2164.1501,20.2781,101.6
1667.0957,-2165.6587,19.2292,104.9
1675.7330,-2166.5464,18.2597,103.1
1684.4246,-2166.9431,17.3055,105.4
1693.1575,-2166.8987,16.4335,103.2
1701.9203,-2166.8445,15.5618,105.9
1710.7043,-2166.8076,14.8941,105.7
1719.6609,-2166.7698,14.2555,108.4
1728.8370,-2166.7258,13.8109,109.8
1737.9318,-2166.6819,13.5306,108.3
1747.0817,-2166.6375,13.3495,109.8
1756.3484,-2166.5979,13.3737,110.9
1765.6031,-2166.6106,13.3741,108.6
1774.6880,-2166.6326,13.3737,108.9
1783.6741,-2166.6545,13.3735,105.1
1792.3802,-2166.7366,13.3730,103.9
1800.9802,-2166.9675,13.3734,100.5
1809.3217,-2167.1860,13.3733,100.0
1817.7700,-2167.3730,13.3746,101.4
1826.1019,-2167.5522,13.3733,97.1
1834.2335,-2167.6758,13.3735,97.2
1842.3732,-2167.6636,13.3741,95.5
1858.0149,-2167.6150,13.3742,93.8
1873.5413,-2167.5757,13.3745,93.7
1889.2423,-2167.5317,13.3732,90.7
1903.5759,-2165.5393,13.3721,82.7
1916.6042,-2162.3040,13.3833,80.0
1928.3356,-2156.3889,13.5357,77.3
1939.0199,-2148.3394,13.5508,81.7
1947.9851,-2138.3210,13.5443,80.7
1956.0396,-2127.2471,13.5261,78.6
1963.9089,-2117.6243,13.3723,69.0
1973.8566,-2112.9404,13.3624,66.7
1985.4797,-2111.1689,13.3487,72.7
1998.0846,-2110.6960,13.3693,77.4
2011.1663,-2111.0090,13.3927,76.3
2023.9301,-2111.3906,13.3614,73.1
2036.5927,-2111.0620,13.3583,77.9
2049.4248,-2110.8660,13.3744,77.4
2062.1130,-2110.7605,13.3563,72.8
2074.2944,-2110.7290,13.3555,69.7
2085.3628,-2110.6584,13.3392,64.4
2095.9587,-2108.7830,13.3110,61.5
2104.7988,-2104.0432,13.4034,57.2
2111.8711,-2097.5608,13.5376,57.6
2118.5933,-2090.9983,13.5365,52.5
2124.2114,-2084.3953,13.5376,49.9
